"","19100001","19100002","19100003","19100004","19100005","19100006","19100007","19100008","19100009","19100010","19100011","19100012","19100013","19100014","19100015","19100016","19100017","19100018","19100019","19100020","19100021","19100022","19100023","19100024","19100025","19100026","19100027","19100028","19100029","19100030","19100031","19100032","19100033","19100034","19100035","19100036","19100037","19100038","19100039","19100040","19100041","19100042","19100043","19100044","19100045","19100046","19100047","19100048","19100049","19100050","19100051","19100052","19100053","19100054","19100055","19100056","19100057","19100058","19100059","19100060","19100061","19100062","19100063","19100064","19100065","19100066","19100067","19100068","19100069","19100070","19100071","19100072","19100073","19100074","19100075","19100076","19100077","19100078","19100079","19100080","19100081","19100082","19100083","19100084","19100085","19100086","19100087","19100088","19100089","19100090","19100091","19100092","19100093","19100094","19100095","19100096","19100097","19100098","19100099","19100100","19100101","19100102","19100103","19100104","19100105","19100106","19100107","19100108","19100109","19100110","19100111","19100112","19100113","19100114","19100115","19100116"
"19100001",0,5.38602,9.65931,4.95655,2.61694,16.02823,14.06899,12.73937,10.72156,7.96429,13.99701,12.66334,13.99173,18.61356,33.77085,22.39476,20.48768,18.491,15.00162,15.82663,8.23277,10.55561,15.0898,13.26638,8.7848,6.24383,5.34013,8.72614,35.87867,8.65147,12.00491,26.43485,17.88003,17.22902,17.31356,15.81406,15.6906,15.71614,14.65994,13.16562,14.26358,15.8017,21.18001,12.23553,14.28253,14.20462,15.95638,14.63314,12.38913,10.56438,10.42157,10.93716,10.07817,21.11304,7.69353,7.65997,13.64758,15.68703,16.3568,15.40465,44.0659,20.28409,18.69765,30.62272,21.19705,20.08226,24.60112,25.64647,32.84694,4.38377,27.28929,23.08247,22.08329,27.26819,19.74442,19.76941,17.29347,21.84395,22.31845,16.94189,23.5495,24.24684,37.25613,41.12111,38.97559,40.15559,19.30865,17.92105,20.43208,20.46096,20.80981,22.74541,22.64931,23.1872,26.9712,24.58775,24.88842,24.79535,24.80616,47.11243,17.0144,11.61355,12.48568,10.74093,16.71772,15.50999,8.28077,17.36591,29.74972,23.65709,14.55183,8.4226,5.53357,18.2949,13.84577,20.53259
"19100002",5.38602,0,5.63193,8.60733,5.82229,13.03709,10.90757,8.66707,5.49725,2.60415,8.98584,7.28467,8.61873,13.46114,28.53003,17.01015,15.12754,13.30113,9.65121,10.49648,6.28912,5.28021,20.46979,8.26899,3.93577,2.77105,4.83023,4.52034,41.09467,5.51626,7.79542,31.4395,13.62098,12.73292,12.37667,11.00593,11.18058,11.5125,10.24949,9.00255,10.22669,11.93683,17.1452,9.02267,10.56489,10.99088,12.80843,12.06602,10.43391,7.42814,8.32205,8.39917,9.11517,21.5186,9.3403,7.83562,13.61624,14.11356,15.37493,13.26842,41.04285,19.228,16.197,27.87753,18.05998,17.13015,21.15304,22.8235,31.04356,4.31369,25.33469,20.49759,19.96386,26.83327,15.15774,14.88831,17.91989,17.15643,17.3391,12.68442,18.75965,19.23852,31.92206,36.07756,33.64133,34.81763,14.05554,13.24422,15.11013,15.21209,15.52413,17.50015,17.29238,17.87734,21.60135,19.20613,19.54866,19.52585,19.59919,41.74739,15.09872,9.44235,11.52057,15.9357,19.16056,10.27024,13.54532,11.98053,24.38336,20.77916,12.47462,8.55782,10.55717,12.95483,15.17327,15.42676
"19100003",9.65931,5.63193,0,13.90612,11.04082,7.50375,5.36959,3.12372,3.60218,4.33044,5.01781,6.00587,7.83137,9.62589,24.7111,14.62852,12.38102,13.11857,7.34668,9.84861,3.45738,6.57634,23.80192,9.63884,7.25927,8.02254,10.45135,8.54863,43.25803,10.20396,10.8836,33.13427,15.76317,14.54658,13.20421,12.3689,13.16607,13.98437,12.55783,11.91897,13.12349,14.84409,19.35381,13.01873,13.82575,14.73727,16.43643,16.25848,15.1659,11.73939,13.18028,12.99322,14.38166,26.85372,14.96993,13.41368,18.97129,18.81634,20.32213,17.67765,43.84135,24.01379,20.16029,31.19482,21.33557,20.64203,23.93157,26.2108,35.1004,5.81615,29.39154,24.19033,24.05561,31.77665,16.54601,15.60297,23.36084,18.16845,17.57671,14.92861,19.42495,19.2684,28.53855,31.66391,30.24366,31.43599,13.47959,14.62596,13.99246,14.55522,14.62799,16.69663,15.69779,16.66114,19.64529,17.11446,18.00949,18.47643,18.8644,38.54904,10.04281,4.79472,7.63994,18.62715,17.72394,10.2649,17.81057,10.03461,21.39175,24.18931,7.48357,6.78552,15.19286,11.88291,20.76448,15.38446
"19100004",4.95655,8.60733,13.90612,0,2.86606,20.76433,18.73586,17.02881,14.02687,11.06124,17.57636,15.41743,16.32645,21.95129,36.82691,24.80779,23.19106,19.91791,17.86439,17.8315,13.04362,12.72928,14.23034,14.60392,10.52829,7.7193,5.08621,9.80129,35.60565,8.7528,12.41003,26.99436,17.74829,17.46475,18.24773,16.62254,16.06236,15.68177,14.9897,13.35446,14.17198,15.35203,20.56818,11.53872,13.82555,13.22229,14.71445,12.96058,10.46501,10.12451,9.03788,9.84034,7.74462,16.77764,3.69944,5.10684,9.95364,13.00778,13.1405,13.24646,41.7837,16.89272,16.59917,28.28412,19.57089,18.33077,23.15326,23.52019,29.66394,9.24685,24.34465,20.82834,19.45657,23.26253,19.96321,20.47487,12.95838,22.12573,23.1128,16.87541,23.94198,25.04146,39.96262,44.57654,41.67352,42.82965,20.88866,18.38033,22.23591,21.98814,22.45369,24.19393,24.58963,24.86626,28.93733,26.733,26.67838,26.27819,26.08307,49.58547,21.94224,16.46528,17.4422,11.52307,20.688,17.21709,6.50649,19.85699,32.30482,21.65792,19.44857,13.36495,3.44165,20.25229,9.2975,21.66838
"19100005",2.61694,5.82229,11.04082,2.86606,0,17.9401,15.89616,14.16389,11.29927,8.34929,14.808,12.85394,13.91233,19.2562,34.24452,22.41775,20.69223,17.89813,15.28641,15.55478,10.27276,10.32626,15.6323,12.56706,8.238,5.41962,3.43367,7.7716,36.83298,7.16946,10.77695,27.74971,16.47535,15.9936,16.438,14.85566,14.50527,14.33317,13.43995,11.85194,12.8333,14.22913,19.58627,10.49681,12.68546,12.38319,14.05573,12.55664,10.19331,8.89575,8.36592,9.00399,7.7134,18.49658,5.08325,5.16968,11.06008,13.31129,13.85975,13.17623,41.89831,17.76795,16.51695,28.4141,19.19655,18.02937,22.68558,23.49246,30.4022,6.54925,24.89496,20.8763,19.75982,24.66884,18.52338,18.79374,14.67813,20.66863,21.406,15.55813,22.43898,23.34491,37.50169,41.88337,39.21779,40.3838,18.80955,16.80375,20.07113,19.93882,20.35711,22.19119,22.38107,22.76722,26.73489,24.45167,24.54043,24.27005,24.16581,47.22048,19.24904,13.70517,14.86822,11.99707,19.25722,15.05438,8.16448,17.41465,29.88499,21.53778,16.7189,10.90477,4.99434,18.01291,11.25745,19.7917
"19100006",16.02823,13.03709,7.50375,20.76433,17.9401,0,2.13599,5.09672,10.01809,11.77193,8.21105,11.53106,13.03979,10.28256,22.73502,16.30491,14.00813,17.62421,11.29504,14.59378,7.80569,13.38122,28.09301,15.88109,14.57412,15.52336,17.86285,15.92237,45.40117,17.65082,17.82254,34.98055,21.82054,20.47638,18.55765,18.21865,19.33509,20.38037,18.97556,18.70475,19.8149,21.43484,25.23904,20.20305,20.65824,21.75903,23.3424,23.433,22.5537,19.0662,20.62145,20.37179,21.88201,34.35207,22.29143,20.86884,26.47423,26.15742,27.73757,24.91701,49.61268,31.35018,27.14393,37.56258,27.88416,27.35762,30.05654,32.71736,41.95271,11.65471,36.29583,30.9385,31.04513,39.14976,21.98938,20.58078,30.86349,23.16609,21.91529,21.11406,24.00881,23.24054,27.12991,28.12182,28.72218,29.88698,17.54492,20.23919,17.39373,18.36544,18.17032,20.04965,18.25129,19.54052,21.20145,18.7976,20.31431,21.33266,22.04646,37.0525,3.75262,4.60529,5.93139,22.56744,16.67687,15.4544,23.45591,13.39336,21.18529,30.75399,2.87945,9.12518,21.35491,15.74125,28.21036,19.69796
"19100007",14.06899,10.90757,5.36959,18.73586,15.89616,2.13599,0,3.18572,8.03037,9.65252,6.68466,9.73374,11.34472,9.58792,23.14029,15.55078,13.20612,16.17197,9.81157,13.03355,5.91855,11.38193,26.66956,14.01592,12.48426,13.38765,15.73557,13.8223,44.60306,15.53486,15.82115,34.22727,20.03844,18.7166,16.91667,16.46051,17.51274,18.51176,17.09474,16.74041,17.87617,19.52544,23.51449,18.15231,18.69009,19.74935,21.36358,21.38905,20.45537,16.98048,18.50815,18.27458,19.75019,32.22143,20.18033,18.73661,24.34085,24.07317,25.63346,22.85833,47.96845,29.26926,25.1522,35.74405,26.00289,25.43348,28.28737,30.8556,40.0088,9.72718,34.33396,29.01183,29.05625,37.06018,20.35551,19.04866,28.72796,21.6497,20.55345,19.29808,22.60217,21.9837,27.40312,29.04359,29.03977,30.21997,16.19809,18.55214,16.20944,17.09422,16.96335,18.91785,17.3008,18.52472,20.56445,18.09018,19.46172,20.3465,20.98277,37.40487,5.18085,3.13637,5.43136,21.19156,16.56583,13.81087,21.68994,12.12531,21.04735,28.87409,3.16029,7.76065,19.46752,14.41226,26.08029,18.31934
"19100008",12.73937,8.66707,3.12372,17.02881,14.16389,5.09672,3.18572,0,4.92454,6.93944,3.7368,6.55044,8.18758,7.56818,22.2213,13.22108,10.8762,13.13436,6.81092,9.9405,5.49429,8.28769,26.528,10.83548,9.58435,10.86072,13.43719,10.95605,45.45013,12.74111,12.7277,35.19414,16.85326,15.53373,13.76849,13.27864,14.32751,15.3336,13.91946,13.60976,14.72731,16.36146,20.33579,15.13391,15.56289,16.66525,18.24601,18.35569,17.56227,14.05091,15.68731,15.38172,17.07743,29.50387,17.99649,16.33331,21.67804,21.12876,22.75538,19.85235,44.80362,26.31172,22.04724,32.5597,22.82973,22.27783,25.10237,27.67777,36.86585,8.71221,31.20305,25.858,25.94842,34.1234,17.20531,15.94958,26.1105,18.5537,17.56181,16.11267,19.57202,19.06843,26.23942,28.84882,27.92327,29.11497,13.2414,15.38529,13.3982,14.19509,14.12332,16.13185,14.71649,15.85722,18.29397,15.77058,16.95816,17.69242,18.24659,36.27792,8.36084,4.60816,7.59345,21.22006,18.57059,10.66861,20.81228,9.28863,19.39964,25.7009,6.15412,8.4022,18.26914,11.48619,23.67283,15.32488
"19100009",10.72156,5.49725,3.60218,14.02687,11.29927,10.01809,8.03037,4.92454,0,2.96642,3.60244,2.49684,4.30383,7.96397,23.06134,11.91574,9.85708,9.59783,4.40516,6.35521,6.86499,3.36333,25.64649,6.12873,4.86421,6.78019,9.61293,6.25062,45.79144,8.10371,7.80448,35.84811,12.25148,11.00068,9.60204,8.79688,9.66764,10.57021,9.14251,8.71045,9.85566,11.52649,15.82029,10.22723,10.65972,11.74117,13.33494,13.43901,12.74881,9.22093,10.96803,10.58134,12.53528,24.82305,14.1734,12.21091,17.09912,16.25989,17.93722,14.94644,40.32689,21.42716,17.12953,27.82497,18.02124,17.41565,20.46806,22.88867,31.97996,7.96246,26.30362,20.99091,21.03241,29.24589,12.95047,12.00798,21.55655,14.56814,14.0332,11.44671,15.84514,15.7658,26.55036,30.58516,28.26938,29.45227,10.04144,11.03743,10.71338,11.15182,11.29029,13.35815,12.61946,13.45177,16.76732,14.27822,14.93543,15.23023,15.52759,36.44863,13.11208,8.28721,11.21327,20.7915,21.22678,6.68411,18.97958,6.99986,19.10684,20.88989,10.69216,10.17718,16.04189,8.54979,19.40919,11.86518
"19100010",7.96429,2.60415,4.33044,11.06124,8.34929,11.77193,9.65252,6.93944,2.96642,0,6.54487,4.70192,6.13911,10.90756,25.93547,14.4385,12.52861,11.07466,7.04848,8.09846,6.41168,3.16554,23.02197,6.41636,2.98988,3.9781,6.72938,4.226,43.49851,5.88323,6.8523,33.72752,12.27496,11.21502,10.44754,9.25039,9.70974,10.29753,8.91794,7.9847,9.22649,10.97512,15.87707,8.76466,9.79921,10.56494,12.31768,11.99044,10.83547,7.42353,8.8583,8.66367,10.14642,22.59773,11.31608,9.47409,14.74761,14.48905,15.99477,13.37832,40.17259,19.6856,15.96766,27.2683,17.38289,16.59571,20.20969,22.23936,30.92113,5.98994,25.20236,20.09912,19.84356,27.44629,13.496,12.96594,19.17331,15.37273,15.29184,11.37321,16.86788,17.14748,29.31857,33.53625,31.03789,32.2146,11.74311,11.54779,12.6969,12.89682,13.15989,15.17641,14.81642,15.47133,19.09523,16.67282,17.09621,17.16538,17.30887,39.15168,14.35606,8.92686,11.491,18.37099,20.38161,8.0203,16.14943,9.41528,21.78793,20.20018,11.77272,9.36833,13.15282,10.52222,16.77741,13.27246
"19100011",13.99701,8.98584,5.01781,17.57636,14.808,8.21105,6.68466,3.7368,3.60244,6.54487,0,3.66728,4.89295,4.67809,19.85661,9.71712,7.41954,9.48792,3.12696,6.38706,8.36427,6.31958,28.63813,8.01378,8.26151,10.37488,13.2145,9.61659,48.27498,11.48562,10.46355,38.14712,13.70792,12.34283,10.35013,10.09611,11.30414,12.43824,11.08528,11.12139,12.09749,13.5907,17.06058,13.09154,13.04338,14.32664,15.72545,16.17901,15.84429,12.34308,14.22458,13.73183,15.92737,28.02189,17.76869,15.77109,20.43024,19.18757,20.97251,17.74182,41.40162,24.264,19.53498,29.45683,19.91302,19.49949,21.90684,24.68835,34.08894,10.65682,28.50711,23.06594,23.38834,32.07204,13.77911,12.39045,24.88437,14.98568,13.8759,13.05637,15.91768,15.34649,23.57375,27.13935,25.28438,26.47538,9.5324,12.04659,9.66202,10.46616,10.3867,12.39654,11.04175,12.14665,14.77825,12.24293,13.31214,13.98249,14.51647,33.5657,11.80182,8.29541,11.30927,23.56516,22.1735,7.25203,22.2763,5.55283,16.37482,22.76726,9.79867,11.5997,19.43485,7.76265,22.90026,11.64007
"19100012",12.66334,7.28467,6.00587,15.41743,12.85394,11.53106,9.73374,6.55044,2.49684,4.70192,3.66728,0,1.82582,6.76797,21.41117,9.73708,7.8573,7.12002,2.44804,3.86309,9.34742,2.97857,27.72228,4.38954,5.19458,7.77264,10.62291,6.4232,48.095,8.24878,6.81686,38.22035,10.30682,8.98329,7.31173,6.72854,7.80404,8.86941,7.48449,7.45432,8.4451,9.97694,13.7881,9.47262,9.37974,10.66063,12.06537,12.52338,12.2971,8.84532,10.8005,10.2345,12.62686,24.48914,15.00029,12.82789,17.02497,15.56207,17.37712,14.09133,38.27253,20.61198,15.87805,26.03435,16.37192,15.90139,18.55471,21.19084,30.50418,10.3234,24.89396,19.47747,19.74156,28.41426,10.72471,9.63653,21.45725,12.22333,11.572,9.58394,13.42778,13.28231,24.66862,29.23862,26.38681,27.5587,7.54462,8.86445,8.24646,8.65617,8.80522,10.87038,10.22689,11.00059,14.4486,11.99819,12.53318,12.76305,13.03842,34.46547,14.91128,10.50458,13.49583,23.01485,23.70136,4.28291,20.80781,4.7193,17.1021,19.23821,12.64241,12.66791,17.76153,6.07285,19.70441,9.38768
"19100013",13.99173,8.61873,7.83137,16.32645,13.91233,13.03979,11.34472,8.18758,4.30383,6.13911,4.89295,1.82582,0,6.7332,20.61498,8.50565,6.90719,5.29675,2.35181,2.05813,11.16606,3.59913,29.08152,3.38004,5.81953,8.60716,11.3593,6.81068,49.63714,8.48648,6.27442,39.83564,8.81527,7.45293,5.58248,5.20339,6.43268,7.60838,6.30958,6.6376,7.44693,8.81314,12.19939,8.97063,8.45633,9.85837,11.07943,11.80348,11.93703,8.6664,10.69757,10.01735,12.66164,24.06146,15.51559,13.23542,16.85732,14.95282,16.84603,13.38712,36.6238,19.8605,14.84861,24.56551,15.04232,14.67531,17.02576,19.79994,29.23703,11.97361,23.68968,18.22553,18.64893,27.60617,9.01791,7.84217,21.22337,10.43821,9.74618,8.17035,11.60981,11.46265,23.63618,28.67275,25.34725,26.5047,5.75954,7.21054,6.57404,6.88798,7.08097,9.1318,8.6816,9.34694,12.98264,10.60177,10.95712,11.07132,11.29192,33.30843,16.52307,12.28914,15.29299,24.50747,25.52386,2.49725,21.99405,3.53374,15.98584,17.88881,14.32823,14.481,18.88505,4.39321,19.7754,7.56457
"19100014",18.61356,13.46114,9.62589,21.95129,19.2562,10.28256,9.58792,7.56818,7.96397,10.90756,4.67809,6.76797,6.7332,0,15.18484,6.02334,3.73796,8.79487,4.47094,6.85947,12.83238,9.73896,33.31617,10.0389,11.96088,14.45455,17.32153,13.18117,52.84729,14.98383,13.00381,42.66021,14.39726,13.03194,10.5849,11.05202,12.49024,13.78098,12.67538,13.28455,13.94897,15.07754,17.2017,15.69568,14.99484,16.46013,17.50216,18.43449,18.67012,15.3709,17.38708,16.73508,19.29986,30.77656,21.75561,19.59586,23.57565,21.62176,23.5405,20.01493,40.66164,26.41635,21.15133,29.66741,20.78102,20.65474,22.06883,25.25544,34.91023,15.33155,29.56805,24.07618,24.80241,34.07655,13.6524,11.84756,27.95413,14.21105,12.45814,14.00667,14.6189,13.45713,18.91453,22.62933,20.6217,21.81362,8.29237,12.35151,7.63591,8.79899,8.43226,10.0771,8.0493,9.39539,10.98263,8.53283,10.0399,11.13648,11.93154,28.92343,14.01994,12.05532,14.88766,28.23011,26.01323,8.02808,26.8928,4.4341,11.85252,23.50497,12.67144,15.93156,23.9958,6.61329,26.40644,10.40475
"19100015",33.77085,28.53003,24.7111,36.82691,34.24452,22.73502,23.14029,22.2213,23.06134,25.93547,19.85661,21.41117,20.61498,15.18484,0,12.55779,13.71133,18.80294,18.96679,19.49208,27.70402,24.1602,48.48505,23.12804,26.41623,29.14463,31.95187,27.41499,67.62552,29.01101,26.0992,57.30535,24.4187,23.45702,21.16221,22.52449,23.86003,25.05537,24.58331,25.8494,25.95281,26.28932,25.37044,28.49624,26.94976,28.45491,28.74989,30.35438,31.47491,28.78255,30.79793,29.98089,32.87477,42.61734,36.1097,33.79351,36.5379,33.49768,35.48813,31.77605,42.791,37.32533,31.56213,35.70853,29.72585,30.22048,29.17231,32.79669,42.01148,30.48475,37.76582,32.81436,34.33213,44.11482,22.38277,20.50673,40.55018,21.34944,18.92084,24.58765,20.31859,18.15777,4.60706,8.6262,6.04414,7.17845,17.70861,22.35419,16.11758,17.04681,16.38155,15.85425,13.92854,14.59672,10.89227,11.64754,13.017,14.54444,15.5532,14.31918,25.75781,26.15571,28.49391,43.3342,39.40789,20.42799,42.03984,17.10783,5.89724,31.71101,25.60408,30.53683,39.08693,17.42336,39.85304,18.44595
"19100016",22.39476,17.01015,14.62852,24.80779,22.41775,16.30491,15.55078,13.22108,11.91574,14.4385,9.71712,9.73708,8.50565,6.02334,12.55779,0,2.35286,6.37673,7.51093,7.05626,18.04923,12.09959,37.45922,10.62996,14.27985,17.09472,19.79171,15.1274,57.69531,16.60921,13.55895,47.68992,12.30216,11.17933,8.74896,10.01033,11.38991,12.63057,12.05598,13.29229,13.43228,13.90649,14.06675,15.93908,14.44724,15.965,16.41072,17.89861,18.92379,16.2532,18.2566,17.4307,20.34033,30.28747,23.73981,21.38651,23.99016,21.08457,23.07893,19.36762,35.83902,25.21876,19.52878,25.94945,18.23054,18.47299,18.59659,22.09322,31.74221,19.86392,26.82808,21.50155,22.69793,32.4121,10.64536,8.65733,28.05484,10.32325,8.05024,12.31049,10.07916,8.39827,15.18921,21.00599,16.89014,18.03521,5.32798,10.14639,3.80367,4.9706,4.32168,4.97515,2.50457,3.8941,5.07415,2.55172,4.0639,5.37504,6.33186,24.8028,20.03779,17.81755,20.74283,32.70041,31.79142,7.90791,30.48217,5.03078,7.50309,20.62882,18.66633,21.31317,27.38647,4.86788,27.29611,6.65561
"19100017",20.48768,15.12754,12.38102,23.19106,20.69223,14.00813,13.20612,10.8762,9.85708,12.52861,7.41954,7.8573,6.90719,3.73796,13.71133,2.35286,0,6.38307,5.48784,5.90234,15.77676,10.47543,35.49318,9.55327,12.72032,15.4801,18.26065,13.70378,55.55084,15.31783,12.58835,45.49437,12.39729,11.13491,8.60702,9.56525,11.01958,12.31661,11.50397,12.52323,12.8748,13.63061,14.68251,15.13476,13.92466,15.44945,16.14586,17.42825,18.15908,15.21716,17.25485,16.48108,19.30122,29.89579,22.40132,20.09497,23.21349,20.65064,22.63247,18.95988,37.38341,25.0842,19.52612,26.92951,18.62216,18.70211,19.42092,22.7946,32.48647,17.74621,27.36212,21.9315,22.92915,32.50579,11.13558,9.18426,27.42312,11.26025,9.23208,12.22604,11.37113,9.97771,16.81319,21.8714,18.53084,19.70169,5.55123,10.23355,4.42755,5.68714,5.17621,6.52756,4.34197,5.71926,7.41882,4.90407,6.30633,7.41868,8.25566,26.62477,17.75129,15.46855,18.39015,30.63546,29.44479,6.95657,28.66341,3.39987,9.26358,21.18893,16.32916,19.01809,25.61685,4.34557,26.36545,7.41343
"19100018",18.491,13.30113,13.11857,19.91791,17.89813,17.62421,16.17197,13.13436,9.59783,11.07466,9.48792,7.12002,5.29675,8.79487,18.80294,6.37673,6.38307,0,6.36121,3.2745,16.46209,8.02544,33.45591,5.33494,9.73726,12.4926,14.83614,10.15351,54.35919,11.25138,7.77989,44.73769,6.03233,4.82785,2.37414,3.76709,5.05733,6.26632,5.82952,7.24507,7.17754,7.53194,8.4336,9.85351,8.15405,9.65299,10.034,11.5562,12.75198,10.45752,12.35601,11.48097,14.44802,23.91285,18.2605,15.86992,17.7862,14.72311,16.71722,13.00351,32.12287,18.86859,13.22155,20.87342,12.24756,12.32276,13.28,16.53043,26.2154,17.04993,21.00766,15.55909,16.55262,26.17251,4.8705,3.07167,21.74726,5.57358,4.46897,5.951,6.43781,6.16955,20.9539,27.33326,22.59844,23.68349,1.10289,3.86125,2.69139,2.07858,2.61744,4.29321,5.02229,4.98593,9.19396,7.34984,6.83624,6.37427,6.31517,30.05177,21.27551,17.46301,20.48785,29.19899,30.82058,3.05437,26.05765,4.4587,13.33548,14.85759,19.26948,19.77304,22.86754,2.1902,21.20525,2.26783
"19100019",15.00162,9.65121,7.34668,17.86439,15.28641,11.29504,9.81157,6.81092,4.40516,7.04848,3.12696,2.44804,2.35181,4.47094,18.96679,7.51093,5.48784,6.36121,0,3.3245,10.80377,5.33507,30.00986,5.73109,7.59061,10.21665,13.06085,8.75565,50.18934,10.53372,8.59983,40.21562,10.88217,9.49847,7.34455,7.30592,8.63389,9.85806,8.60715,8.9894,9.78176,11.09611,14.10741,11.29888,10.79922,12.20918,13.40595,14.15525,14.24271,10.90721,12.91849,12.27694,14.82994,26.39192,17.4019,15.19435,19.11499,17.30123,19.18807,15.73888,38.33904,22.21047,17.15656,26.57337,17.20451,16.9037,18.98555,21.89721,31.41324,12.3568,25.91095,20.42919,20.92939,29.94957,10.74267,9.28577,23.50658,11.8738,10.75701,10.31666,12.79119,12.26346,22.27116,26.80227,23.99036,25.16642,6.43119,9.0848,6.70148,7.40601,7.38445,9.43288,8.35661,9.32267,12.4017,9.89547,10.67213,11.14558,11.58564,32.11172,14.92003,11.26727,14.29848,25.19475,24.97002,4.30873,23.19516,2.68889,14.75142,20.02621,12.9192,14.13051,20.17305,4.69166,21.93852,8.52017
"19100020",15.82663,10.49648,9.84861,17.8315,15.55478,14.59378,13.03355,9.9405,6.35521,8.09846,6.38706,3.86309,2.05813,6.85947,19.49208,7.05626,5.90234,3.2745,3.3245,0,13.21028,5.2813,30.90153,3.65488,7.32838,10.15974,12.77935,8.08658,51.5772,9.55635,6.68612,41.82469,7.66968,6.2847,4.02772,4.20336,5.63166,6.92166,5.85588,6.67699,7.17533,8.22085,10.79924,9.25555,8.23132,9.73335,10.665,11.72107,12.28167,9.32321,11.3574,10.57886,13.41294,24.16587,16.68526,14.33753,17.32399,14.93939,16.89781,13.28626,35.02387,19.6074,14.29198,23.28416,14.04421,13.83943,15.68541,18.66354,28.23955,13.9965,22.80512,17.31062,17.95753,27.22863,7.41837,6.01529,21.57058,8.61758,7.74231,7.19243,9.66835,9.42233,22.24119,27.75838,23.93806,25.07644,3.70336,5.78381,4.61375,4.83816,5.06325,7.09668,6.84096,7.38361,11.18839,8.90727,9.06181,9.06739,9.2492,31.75877,18.18099,14.2043,17.22504,26.42687,27.56072,1.17198,23.69505,2.64749,14.54722,16.83061,16.09267,16.53061,20.54801,2.47143,20.46465,5.53685
"19100021",8.23277,6.28912,3.45738,13.04362,10.27276,7.80569,5.91855,5.49429,6.86499,6.41168,8.36427,9.34742,11.16606,12.83238,27.70402,18.04923,15.77676,16.46209,10.80377,13.21028,0,9.33016,21.09824,12.56567,9.32893,9.05604,10.79685,10.387,40.0268,11.71311,13.25915,29.82885,18.60057,17.46888,16.3624,15.37827,16.00954,16.6788,15.28012,14.39636,15.63777,17.38616,22.20988,15.00959,16.19885,16.88979,18.67147,18.17266,16.69098,13.52297,14.59177,14.6075,15.37795,27.69787,14.92587,13.85077,19.81532,20.3781,21.66404,19.45815,46.57498,25.51122,22.24208,33.66988,23.78585,22.97303,26.61292,28.63397,37.17081,3.85159,31.4508,26.44669,26.07694,33.12001,19.6153,18.81818,24.02792,21.34495,20.89638,17.71931,22.68273,22.62856,31.67133,34.29394,33.36391,34.5565,16.87606,17.67158,17.43575,17.96729,18.0601,20.13037,19.15496,20.11478,23.08252,20.54916,21.4661,21.92733,22.29997,41.70446,9.04948,3.4336,5.24018,15.74293,14.36305,13.53373,15.78523,13.49192,24.67217,26.59189,6.47059,3.33583,13.56132,15.31253,21.03944,18.72969
"19100022",10.55561,5.28021,6.57634,12.72928,10.32626,13.38122,11.38193,8.28769,3.36333,3.16554,6.31958,2.97857,3.59913,9.73896,24.1602,12.09959,10.47543,8.02544,5.33507,5.2813,9.33016,0,25.62158,3.27039,2.26518,5.01044,7.79166,3.44479,46.36825,5.27545,4.44195,36.71231,9.2766,8.14223,7.28267,6.10727,6.68141,7.41977,5.99859,5.38226,6.56248,8.27168,12.88521,6.89798,7.32065,8.37787,9.98372,10.08972,9.54184,6.02775,7.91172,7.4146,9.67727,21.70573,12.06872,9.86411,14.12879,12.96862,14.70005,11.61098,37.31359,18.11129,13.77074,24.61956,14.7684,14.11035,17.37569,19.6435,28.64434,9.13414,22.95838,17.67657,17.67455,25.93265,10.35868,9.80205,18.57723,12.21077,12.15344,8.40837,13.70353,14.02631,27.2339,32.11464,28.94554,30.1036,8.77835,8.4086,9.87758,9.93448,10.26033,12.22259,12.12027,12.63182,16.46218,14.13746,14.33926,14.25583,14.31902,36.90052,16.42302,11.37105,14.16494,21.20618,23.49702,4.99004,18.43679,7.12772,19.58469,17.62808,13.95279,12.43818,15.30903,7.75272,16.73603,10.17709
"19100023",15.0898,20.46979,23.80192,14.23034,15.6323,28.09301,26.66956,26.528,25.64649,23.02197,28.63813,27.72228,29.08152,33.31617,48.48505,37.45922,35.49318,33.45591,30.00986,30.90153,21.09824,25.62158,0,28.14909,23.72225,20.97637,18.94767,23.39083,21.37949,22.73353,26.38202,13.40552,31.93196,31.55984,32.06789,30.48793,30.10024,29.83133,29.02924,27.41699,28.31981,29.5668,34.79816,25.75539,28.0328,27.45088,28.91054,27.08915,24.58353,24.28812,23.2656,24.07013,21.84471,27.22673,17.38853,19.28686,22.79719,26.63463,26.25088,27.18437,55.03471,29.47758,30.46199,41.68336,33.59978,32.3273,37.20763,37.19484,41.95167,18.00277,37.17305,34.47189,32.82802,34.1002,34.0814,34.42299,23.97783,36.23851,37.03802,31.0412,38.0301,38.97689,52.16492,55.37621,53.88157,55.0688,34.32213,32.40997,35.49582,35.46648,35.84522,37.73942,37.73333,38.23788,42.06002,39.67579,39.96071,39.80657,39.75392,62.09315,27.31011,23.58247,22.59265,5.55187,17.80113,30.531,7.7266,32.43709,44.75172,35.4576,25.63873,18.9734,10.85787,33.37229,20.39023,35.40419
"19100024",13.26638,8.26899,9.63884,14.60392,12.56706,15.88109,14.01592,10.83548,6.12873,6.41636,8.01378,4.38954,3.38004,10.0389,23.12804,10.62996,9.55327,5.33494,5.73109,3.65488,12.56567,3.27039,28.14909,0,4.4824,7.1733,9.51799,4.82004,49.14139,6.04115,3.04945,39.64065,6.12822,4.9175,4.10771,2.83719,3.53902,4.50001,3.09825,3.26065,4.10071,5.58763,9.71507,5.68955,5.0883,6.47833,7.73937,8.427,8.70235,5.66857,7.70273,6.93129,9.75946,20.74093,13.15689,10.7843,13.71152,11.59076,13.50181,10.01074,34.20887,16.48061,11.53523,21.73405,12.00307,11.51204,14.34051,16.84297,26.1154,12.32946,20.50589,15.08891,15.37613,24.23194,7.08832,6.62234,18.00831,8.96387,9.08469,5.31888,10.50723,10.99945,25.76583,31.41323,27.45025,28.57364,6.28484,5.13827,7.66153,7.3919,7.84995,9.62752,10.04118,10.26234,14.36536,12.26342,12.07877,11.7092,11.60607,35.14237,19.16633,14.39893,17.27732,24.00471,26.76726,2.72782,20.72388,6.22956,18.06939,14.87302,16.80016,15.70432,17.53279,5.81396,16.81223,7.27245
"19100025",8.7848,3.93577,7.25927,10.52829,8.238,14.57412,12.48426,9.58435,4.86421,2.98988,8.26151,5.19458,5.81953,11.96088,26.41623,14.27985,12.72032,9.73726,7.59061,7.32838,9.32893,2.26518,23.72225,4.4824,0,2.83136,5.54056,1.38748,44.66213,3.24317,3.98068,35.16811,9.70328,8.79716,8.55501,7.11628,7.24502,7.61942,6.32452,5.16543,6.40864,8.14924,13.2537,5.77728,6.88498,7.58218,9.34807,9.00891,7.98333,4.4969,6.12019,5.80125,7.68411,19.97123,9.81205,7.63778,12.23592,11.58922,13.174,10.41843,37.3516,16.7862,12.97867,24.34848,14.46926,13.64418,17.40375,19.30791,27.9319,8.19864,22.21282,17.12846,16.85371,24.57696,11.22917,11.04185,16.69391,13.24783,13.55371,8.77133,14.88271,15.47534,29.44494,34.37911,31.15352,32.30659,10.60432,9.32571,11.83514,11.74548,12.13911,14.01722,14.14408,14.54384,18.49829,16.23487,16.30588,16.08524,16.0461,39.06161,17.30208,11.91467,14.46467,19.52233,22.96952,6.8262,16.39542,9.35274,21.77872,17.26478,14.73474,12.11328,13.2321,9.7783,14.64375,11.7486
"19100026",6.24383,2.77105,8.02254,7.7193,5.41962,15.52336,13.38765,10.86072,6.78019,3.9781,10.37488,7.77264,8.60716,14.45455,29.14463,17.09472,15.4801,12.4926,10.21665,10.15974,9.05604,5.01044,20.97637,7.1733,2.83136,0,2.86794,2.48349,42.02831,2.83891,5.78408,32.67384,11.68571,10.99021,11.13354,9.59894,9.44846,9.52524,8.4239,6.96587,8.11188,9.7319,15.07369,6.47538,8.26403,8.47647,10.29334,9.39084,7.67018,4.81767,5.55409,5.67231,6.4113,18.86938,7.39394,5.49647,10.97069,11.34539,12.61081,10.53689,38.58672,16.45734,13.54072,25.32111,15.5815,14.58877,18.80413,20.27267,28.32366,6.80275,22.62373,17.88004,17.26086,24.07644,13.50193,13.55743,15.34054,15.60039,16.13298,10.74373,17.31204,18.06838,32.24333,37.00889,33.95434,35.11104,13.39258,11.67907,14.65357,14.52495,14.93814,16.78383,16.97148,17.34777,21.32586,19.0661,19.1218,18.85983,18.77928,41.88557,17.77947,12.15079,14.29061,16.95072,21.60481,9.63501,13.58356,12.138,24.58813,18.23534,15.1569,11.25309,10.41034,12.60801,12.81522,14.43164
"19100027",5.34013,4.83023,10.45135,5.08621,3.43367,17.86285,15.73557,13.43719,9.61293,6.72938,13.2145,10.62291,11.3593,17.32153,31.95187,19.79171,18.26065,14.83614,13.06085,12.77935,10.79685,7.79166,18.94767,9.51799,5.54056,2.86794,0,4.71861,40.21842,3.78587,7.44115,31.18306,13.05593,12.61647,13.21607,11.60422,11.15298,10.92248,10.08164,8.4718,9.41734,10.79565,16.15351,7.07086,9.25185,8.9806,10.68654,9.29698,7.06174,5.46209,5.08325,5.6372,4.92565,16.91994,4.59043,3.05614,9.07776,10.46399,11.33873,10.07994,38.72613,15.27889,13.35921,25.28449,15.8876,14.7554,19.33298,20.30653,27.65559,7.72015,22.04623,17.74556,16.79119,22.59852,15.14217,15.50468,13.23122,17.29563,18.13378,12.14421,19.08271,20.06991,34.97124,39.86133,36.67726,37.82617,15.80282,13.46474,17.15246,16.90437,17.36757,19.11695,19.51058,19.78028,23.85563,21.66855,21.59237,21.20134,21.02599,44.53767,19.79162,14.11887,15.88992,15.43034,21.87034,12.13694,11.33725,14.89152,27.29463,18.31941,17.17608,12.36296,8.13641,15.18356,10.35177,16.61907
"19100028",8.72614,4.52034,8.54863,9.80129,7.7716,15.92237,13.8223,10.95605,6.25062,4.226,9.61659,6.4232,6.81068,13.18117,27.41499,15.1274,13.70378,10.15351,8.75565,8.08658,10.387,3.44479,23.39083,4.82004,1.38748,2.48349,4.71861,0,44.49375,1.86923,3.35585,35.15733,9.26024,8.51872,8.6823,7.12806,6.97237,7.11104,5.95878,4.55872,5.752,7.43599,12.71059,4.62269,6.04495,6.53119,8.33662,7.80578,6.63307,3.19909,4.73654,4.45283,6.31274,18.58466,8.70501,6.44534,10.85214,10.26831,11.81561,9.16083,36.52615,15.46628,11.85509,23.40051,13.55672,12.65911,16.63386,18.34812,26.78996,8.82747,21.06908,16.08339,15.69755,23.24126,11.02418,11.08509,15.31051,13.11785,13.67227,8.31726,14.82893,15.60974,30.31647,35.4728,32.01718,33.15924,11.09949,9.19564,12.4347,12.21166,12.66087,14.44443,14.79208,15.07456,19.13718,16.95721,16.87957,16.52725,16.39796,39.83432,18.58186,13.12693,15.58345,19.43185,23.68015,7.41841,15.91421,10.30828,22.62771,16.30234,15.99778,12.99732,12.71902,10.47101,13.31474,12.02019
"19100029",35.87867,41.09467,43.25803,35.60565,36.83298,45.40117,44.60306,45.45013,45.79144,43.49851,48.27498,48.095,49.63714,52.84729,67.62552,57.69531,55.55084,54.35919,50.18934,51.5772,40.0268,46.36825,21.37949,49.14139,44.66213,42.02831,40.21842,44.49375,0,43.99444,47.60779,10.43941,53.2577,52.82545,53.16041,51.62181,51.33701,51.13758,50.27276,48.68184,49.62907,50.92008,56.17324,47.1134,49.38147,48.82787,50.288,48.45293,45.94855,45.61767,44.64301,45.44191,43.21126,47.03023,38.7281,40.66564,43.82956,47.84246,47.2794,48.49207,75.76197,50.20149,51.7258,62.62525,54.91796,53.63604,58.52891,58.32933,62.17908,37.83256,57.83942,55.61138,53.85353,53.68081,55.35451,55.57816,44.29144,57.50154,58.16129,52.35554,59.26903,60.09634,71.6877,73.52252,73.37336,74.5651,55.14653,53.62975,56.18791,56.30245,56.61815,58.59043,58.30525,58.96046,62.54014,60.06657,60.59327,60.62052,60.6726,81.72487,43.29901,41.51661,39.47022,25.16265,29.79548,51.35336,29.10559,52.77768,64.64971,56.6658,42.56584,37.08986,32.2104,54.01833,41.01672,56.41071
"19100030",8.65147,5.51626,10.20396,8.7528,7.16946,17.65082,15.53486,12.74111,8.10371,5.88323,11.48562,8.24878,8.48648,14.98383,29.01101,16.60921,15.31783,11.25138,10.53372,9.55635,11.71311,5.27545,22.73353,6.04115,3.24317,2.83891,3.78587,1.86923,43.99444,0,3.66608,34.88503,9.31746,8.83322,9.49732,7.86998,7.36761,7.16744,6.29591,4.68833,5.67484,7.15417,12.53433,3.67021,5.63109,5.67456,7.48283,6.56083,5.00521,1.99208,2.97632,2.89491,4.44385,16.76644,7.1313,4.78422,8.99581,8.69109,10.12125,7.75787,35.77433,13.86642,10.70619,22.48631,12.77455,11.7612,16.05387,17.43993,25.52731,9.64154,19.81892,15.04121,14.44927,21.58817,11.36079,11.7371,13.45287,13.51193,14.3715,8.39427,15.29689,16.3046,31.7813,37.15205,33.47158,34.60071,12.26433,9.68085,13.69049,13.32982,13.83279,15.49398,16.07624,16.232,20.38548,18.30446,18.07011,17.57486,17.3438,41.18279,20.1841,14.64213,16.95053,19.12198,24.43279,8.75471,15.11068,11.91893,24.08368,15.40487,17.57897,14.0622,11.91327,11.84334,11.46151,12.92507
"19100031",12.00491,7.79542,10.8836,12.41003,10.77695,17.82254,15.82115,12.7277,7.80448,6.8523,10.46355,6.81686,6.27442,13.00381,26.0992,13.55895,12.58835,7.77989,8.59983,6.68612,13.25915,4.44195,26.38202,3.04945,3.98068,5.78408,7.44115,3.35585,47.60779,3.66608,0,38.39571,5.90757,5.2391,5.87063,4.23368,3.72942,3.75523,2.67058,1.20859,2.43596,4.16949,9.36376,2.69911,2.95395,3.93874,5.5609,5.71895,5.6738,2.70504,4.69888,3.8951,6.78174,17.79209,10.48858,8.09814,10.66315,8.75327,10.60234,7.27827,33.372,13.80047,9.33156,20.41633,10.53088,9.77028,13.42325,15.39118,24.23234,12.10615,18.53501,13.30782,13.23588,21.61094,7.76702,8.07109,14.97691,9.89932,10.70619,4.96467,11.66208,12.63866,28.6031,34.43047,30.27209,31.37853,8.83966,6.02902,10.34339,9.84787,10.394,11.94337,12.73384,12.75825,16.97222,15.0211,14.61386,14.01303,13.73049,37.82527,20.836,15.65211,18.32342,22.64265,26.92652,5.67599,18.77469,9.27865,20.92212,13.35482,18.33571,16.09352,15.57575,8.6963,13.7843,9.31113
"19100032",26.43485,31.4395,33.13427,26.99436,27.74971,34.98055,34.22727,35.19414,35.84811,33.72752,38.14712,38.22035,39.83564,42.66021,57.30535,47.68992,45.49437,44.73769,40.21562,41.82469,29.82885,36.71231,13.40552,39.64065,35.16811,32.67384,31.18306,35.15733,10.43941,34.88503,38.39571,0,44.20201,43.63393,43.72221,42.24418,42.10663,42.04737,41.06339,39.52612,40.55983,41.9787,47.32888,38.22823,40.43478,40.06191,41.64899,39.94923,37.45831,36.64469,35.92435,36.6554,34.73794,40.57406,30.43247,32.09672,36.10823,39.80367,39.54789,40.21037,68.37599,42.85719,43.54152,54.97244,46.56446,45.31943,50.14706,50.38218,55.35712,27.89909,50.55006,47.66518,46.10144,47.43139,46.15832,46.19528,37.37823,48.27107,48.72156,43.27557,49.98419,50.6401,61.42498,63.09822,63.10046,64.29042,45.46081,44.35279,46.40947,46.61661,46.88719,48.90023,48.44618,49.18254,52.6123,50.11107,50.75343,50.89208,51.02116,71.46348,32.8617,31.16085,29.05178,15.76309,19.44841,41.69697,20.71402,42.84759,54.49936,48.58269,32.13819,26.80145,23.55505,44.22882,33.7941,46.86159
"19100033",17.88003,13.62098,15.76317,17.74829,16.47535,21.82054,20.03844,16.85326,12.25148,12.27496,13.70792,10.30682,8.81527,14.39726,24.4187,12.30216,12.39729,6.03233,10.88217,7.66968,18.60057,9.2766,31.93196,6.12822,9.70328,11.68571,13.05593,9.26024,53.2577,9.31746,5.90757,44.20201,0,1.38618,3.84002,3.61188,2.5996,2.1639,3.38213,4.72034,3.64306,2.50275,3.60932,6.24024,3.94642,4.95233,4.50022,6.41045,8.35396,7.64407,8.88757,8.00685,10.74789,18.21833,15.16685,12.90319,12.96464,9.27564,11.22271,7.58677,28.08073,12.94518,7.22729,15.75167,6.38751,6.3161,8.24924,11.01507,20.57022,17.90191,15.1711,9.67902,10.53452,20.144,2.45005,3.95974,16.45862,4.51641,6.21124,0.943,6.35888,7.91869,26.05951,33.02585,27.62098,28.63059,6.99662,2.17205,8.50143,7.41857,8.09011,8.70125,10.50293,9.88477,14.01758,12.77244,11.63603,10.46976,9.80338,34.51353,25.21206,20.52712,23.39814,28.43893,32.62505,6.58208,24.23663,9.97121,18.70363,9.16117,22.89312,21.64327,21.07431,8.0852,16.60246,5.98427
"19100034",17.22902,12.73292,14.54658,17.46475,15.9936,20.47638,18.7166,15.53373,11.00068,11.21502,12.34283,8.98329,7.45293,13.03194,23.45702,11.17933,11.13491,4.82785,9.49847,6.2847,17.46888,8.14223,31.55984,4.9175,8.79716,10.99021,12.61647,8.51872,52.82545,8.83322,5.2391,43.63393,1.38618,0,2.53014,2.25827,1.55546,1.89402,2.57076,4.14495,3.33421,2.89391,4.82254,6.16682,3.98569,5.29074,5.2941,7.01158,8.65241,7.35546,8.8538,7.95027,10.83147,19.16656,15.11561,12.78687,13.48949,10.06455,12.04648,8.34646,29.33169,14.04366,8.40114,17.11416,7.76494,7.64119,9.58032,12.3991,21.95485,16.96713,16.54184,11.04747,11.83683,21.37187,2.53034,3.31684,17.20007,4.67919,5.8594,1.1344,6.4789,7.71426,25.28337,32.03856,26.87488,27.9105,5.85135,1.14126,7.40558,6.41025,7.07602,7.94588,9.53167,9.05374,13.26941,11.84121,10.86363,9.8432,9.2955,33.95174,23.89457,19.28721,22.18652,27.88175,31.59586,5.19639,23.90724,8.61319,17.8209,10.54691,21.60059,20.56751,20.72038,6.79876,17.06332,5.1601
"19100035",17.31356,12.37667,13.20421,18.24773,16.438,18.55765,16.91667,13.76849,9.60204,10.44754,10.35013,7.31173,5.58248,10.5849,21.16221,8.74896,8.60702,2.37414,7.34455,4.02772,16.3624,7.28267,32.06789,4.10771,8.55501,11.13354,13.21607,8.6823,53.16041,9.49732,5.87063,43.72221,3.84002,2.53014,0,1.63817,2.72073,3.89554,3.59504,5.13535,4.88973,5.15803,6.77301,7.65795,5.82757,7.30817,7.66292,9.19217,10.47841,8.44633,10.24634,9.35243,12.32127,21.53914,16.31722,13.93289,15.4808,12.3508,14.34465,10.63067,31.06185,16.52595,10.92126,19.26643,10.20266,10.15174,11.66237,14.7032,24.3327,16.40708,18.99189,13.50613,14.35949,23.89877,3.4389,2.52162,19.39247,4.9826,5.005,3.62259,6.42111,6.93651,23.21652,29.70316,24.84383,25.91204,3.45543,1.77787,5.04493,4.21856,4.84828,6.13068,7.31024,7.06419,11.32407,9.64384,8.92293,8.17573,7.85996,32.16204,22.08984,17.8102,20.7862,28.05356,30.679,3.10747,24.5401,6.15143,15.64251,12.92268,19.91062,19.59108,21.33794,4.26865,18.9465,3.44171
"19100036",15.81406,11.00593,12.3689,16.62254,14.85566,18.21865,16.46051,13.27864,8.79688,9.25039,10.09611,6.72854,5.20339,11.05202,22.52449,10.01033,9.56525,3.76709,7.30592,4.20336,15.37827,6.10727,30.48793,2.83719,7.11628,9.59894,11.60422,7.12806,51.62181,7.86998,4.23368,42.24418,3.61188,2.25827,1.63817,0,1.46518,2.77186,2.06496,3.52131,3.42832,4.08905,7.06244,6.09475,4.43706,5.95724,6.59116,7.90749,8.9866,6.81541,8.64258,7.75504,10.72603,20.35412,14.68265,12.29716,14.02907,11.11648,13.10712,9.41223,31.56335,15.54692,10.11735,19.36283,9.89919,9.64294,11.83842,14.60994,24.10798,15.13557,18.62768,13.13754,13.75474,23.0856,4.25167,3.95851,18.04472,6.15647,6.55101,3.01335,7.76652,8.48987,24.71902,31.01525,26.36006,27.44029,4.86893,2.30158,6.44924,5.75739,6.35618,7.75154,8.78781,8.64302,12.89521,11.1168,10.50471,9.80613,9.49769,33.74907,21.63934,17.08174,20.00417,26.54472,29.6034,3.05561,22.93635,6.70971,17.10117,12.72233,19.35633,18.53637,19.73406,5.26421,17.43824,5.07988
"19100037",15.6906,11.18058,13.16607,16.06236,14.50527,19.33509,17.51274,14.32751,9.66764,9.70974,11.30414,7.80404,6.43268,12.49024,23.86003,11.38991,11.01958,5.05733,8.63389,5.63166,16.00954,6.68141,30.10024,3.53902,7.24502,9.44846,11.15298,6.97237,51.33701,7.36761,3.72942,42.10663,2.5996,1.55546,2.72073,1.46518,0,1.30677,1.07352,2.70895,2.1914,2.62387,6.20493,5.02241,3.10692,4.59589,5.12906,6.5091,7.76932,6.01585,7.67226,6.76803,9.7156,18.92554,13.86334,11.50323,12.76046,9.69983,11.69345,7.98758,30.67568,14.08265,8.66484,18.23384,8.61083,8.27012,10.8041,13.39493,22.80535,15.42305,17.27787,11.80109,12.33729,21.625,4.05386,4.45416,16.69021,6.17198,7.0873,1.78629,7.93423,8.99816,25.93441,32.38078,27.5583,28.62227,6.15478,2.31827,7.74647,6.93626,7.56894,8.76212,10.03055,9.75567,14.01492,12.36428,11.60766,10.76097,10.33271,34.82483,22.67663,17.93486,20.7995,26.36042,30.08241,4.46799,22.47207,8.16887,18.36259,11.46318,20.33086,19.07401,19.27779,6.70216,16.23814,5.99426
"19100038",15.71614,11.5125,13.98437,15.68177,14.33317,20.38037,18.51176,15.3336,10.57021,10.29753,12.43824,8.86941,7.60838,13.78098,25.05537,12.63057,12.31661,6.26632,9.85806,6.92166,16.6788,7.41977,29.83133,4.50001,7.61942,9.52524,10.92248,7.11104,51.13758,7.16744,3.75523,42.04737,2.1639,1.89402,3.89554,2.77186,1.30677,0,1.42897,2.55956,1.51185,1.31758,5.63528,4.28613,2.0954,3.46591,3.82928,5.30104,6.78139,5.5574,6.97281,6.07175,8.93875,17.66176,13.24562,10.93201,11.67995,8.45699,10.45124,6.73808,29.9053,12.77789,7.37035,17.25534,7.50468,7.06811,9.95664,12.34421,21.65099,15.80968,16.08222,10.62802,11.07759,20.32125,4.29221,5.19795,15.50815,6.45233,7.75327,1.22848,8.28257,9.60092,27.02834,33.59852,28.63659,29.68609,7.3509,2.99575,8.93957,8.0575,8.7069,9.74846,11.17513,10.80758,15.05163,13.50425,12.64153,11.68809,11.17216,35.79402,23.65359,18.77524,21.58449,26.28468,30.58163,5.7534,22.15189,9.47315,19.50196,10.37372,21.26191,19.65187,18.97757,7.9899,15.22032,6.95743
