"","79800001","79800002","79800003","79800004","79800005","79800006","79800007","79800008","79800009","79800010","79800011","79800012","79800013","79800014","79800015","79800016","79800017","79800018","79800019","79800020","79800021","79800022","79800023","79800024","79800025","79800026","79800027","79800028","79800029","79800030","79800031","79800032","79800033","79800034","79800035","79800036","79800037","79800038","79800039","79800040","79800041","79800042","79800043","79800044","79800045","79800046","79800047","79800048","79800049","79800050","79800051","79800052","79800053","79800054","79800055","79800056","79800057","79800058","79800059","79800060","79800061","79800062","79800063","79800064","79800065","79800066","79800067","79800068","79800069","79800070","79800071","79800072","79800073","79800074","79800075","79800076","79800077","79800078","79800079","79800080","79800081","79800082","79800083","79800084","79800085","79800086","79800087","79800088","79800089","79800090","79800091","79800092","79800093","79800094","79800095","79800096","79800097","79800098","79800099","79800100","79800101","79800102","79800103","79800104","79800105","79800106","79800107","79800108","79800109","79800110","79800111","79800112","79800113","79800114","79800115","79800116","79800117","79800118","79800119","79800120","79800121","79800122","79800123","79800124","79800125","79800126","79800127","79800128","79800129","79800130","79800131","79800132","79800133","79800134","79800135"
"79800001",0,4.10401,2.41258,3.63629,5.14729,8.25196,8.38896,16.04704,19.08273,20.85311,22.01255,22.89879,23.53017,24.22121,24.04775,24.34536,22.23261,22.94596,24.34771,25.73443,25.88536,24.79829,28.42229,25.40058,26.45564,27.94556,29.33133,28.79919,30.66986,28.18612,29.25238,54.82924,25.23798,26.65168,27.08345,27.99736,26.37206,28.03898,29.37442,30.56767,29.93356,29.98698,31.17947,31.94871,30.59147,27.89508,29.63616,28.95146,31.97449,29.77248,27.3684,27.54704,29.95454,30.31782,31.81762,33.27959,37.62872,35.66254,38.15779,37.68557,38.42244,39.27498,38.98412,39.79412,39.88604,40.98592,40.21164,33.10179,36.85958,33.92098,37.47508,45.69396,42.73861,45.3116,48.78074,49.47481,66.66453,63.8073,63.03499,61.18986,48.76473,35.59666,41.53714,36.82215,39.43291,37.41293,39.36393,39.7705,39.33894,45.53216,47.63284,65.97094,54.83746,61.15903,64.97732,59.3383,44.63039,42.43634,43.14528,51.90301,48.88201,47.11527,49.77239,48.03849,52.00805,52.70204,49.41239,49.66184,51.263,60.73143,64.1725,64.71136,64.28086,48.66577,53.45837,50.12295,42.3343,42.53858,21.24607,11.76488,11.74512,19.13127,38.80619,34.82238,26.90545,42.79579,34.39281,33.37675,29.37098,26.80018,2.59182,58.73619,65.6869,47.76103,24.76442
"79800002",4.10401,0,3.59293,5.97887,9.22053,9.1745,10.94784,18.53013,21.35662,23.41565,24.07307,25.20999,26.29617,26.87015,26.27282,26.75571,23.97786,24.40542,26.28469,28.31314,28.29535,26.44816,27.81456,26.55022,27.93377,29.06486,30.32553,30.02438,31.87422,29.61606,30.64436,54.98374,27.3295,28.84332,29.13276,29.95088,28.19971,29.82096,30.94833,32.19853,31.67221,31.85568,33.04393,34.10615,32.60017,30.1516,31.75531,31.297,34.44699,32.4941,29.83359,30.15774,33.11743,30.65028,31.97316,33.05452,37.27671,36.33773,38.4307,38.10481,38.45985,39.6029,39.27843,40.03286,39.7051,41.00438,40.54693,34.02208,37.77863,35.56525,39.90836,45.72738,43.03727,45.66647,49.08907,49.71716,66.79098,63.92275,63.20616,61.31534,48.84958,36.80242,43.81579,38.87421,41.4731,38.70334,40.03565,40.85166,41.00197,46.28694,48.12829,66.437,55.78599,62.23099,66.31657,60.94924,46.65486,43.78407,44.21122,53.68737,50.3493,48.16551,50.55203,49.27301,52.33084,53.61578,49.73199,50.04043,51.74961,61.07025,64.37487,65.43566,65.59765,50.50853,54.84893,50.42961,43.06645,42.36934,22.43459,13.85779,15.33082,19.81564,38.98898,35.03372,27.35827,44.42015,36.77182,36.19594,31.88627,29.51892,1.77016,59.48799,65.7963,49.36468,27.91629
"79800003",2.41258,3.59293,0,2.38705,6.39145,6.24854,7.39106,15.0306,17.92774,19.9087,20.72786,21.77912,22.74859,23.34804,22.8731,23.29699,20.76342,21.32842,22.99435,24.81004,24.83933,23.28474,26.12302,23.64415,24.85752,26.18232,27.51743,27.08542,28.95049,26.56813,27.61815,52.74338,23.98048,25.46041,25.80361,26.66166,24.96019,26.60501,27.83153,29.05674,28.47932,28.60556,29.7976,30.74376,29.29306,26.74815,28.40389,27.86557,30.98017,28.96164,26.36349,26.64884,29.5259,28.26101,29.70886,31.07013,35.39454,33.73379,36.09426,35.66907,36.28878,37.23035,36.92837,37.72181,37.69543,38.8497,38.17048,31.26456,35.02766,32.42256,36.45816,43.56626,40.68832,43.28194,46.73881,47.41245,64.57596,61.71425,60.9584,59.09862,46.65421,33.88624,40.41932,35.55782,38.16402,35.74389,37.43885,38.01045,37.85727,43.64498,45.65265,63.99146,53.03447,59.41157,63.35193,57.8441,43.3564,40.80001,41.38236,50.49683,47.30907,45.3493,47.89835,46.3546,49.97311,50.8834,47.37458,47.64355,49.28251,58.70677,62.106,62.8249,62.64463,47.2898,51.85129,48.08149,40.43533,40.35346,19.49304,10.45015,11.8182,17.16066,36.71557,32.73523,24.88072,41.29732,33.33593,32.64623,28.40448,25.98437,1.89291,56.85724,63.59284,46.256,24.3244
"79800004",3.63629,5.97887,2.38705,0,5.16519,4.74707,5.03532,12.70856,15.65724,17.57487,18.51721,19.50041,20.3846,21.00114,20.61638,20.9957,18.65575,19.32702,20.82086,22.47568,22.5386,21.20827,25.13248,21.76481,22.84278,24.30972,25.69546,25.16698,27.03738,24.56942,25.63262,51.26391,21.7603,23.21268,23.59533,24.48172,22.82093,24.47989,25.77776,26.98165,26.36757,26.45132,27.64425,28.50516,27.09601,24.48385,26.17566,25.58005,28.66783,26.60588,24.0515,24.30958,27.13897,26.74655,28.27835,29.83491,34.21138,32.04011,34.58535,34.09047,34.89714,35.69211,35.40707,36.22586,36.41315,37.4611,36.62669,29.46682,33.22406,30.34057,34.15478,42.16004,39.15725,41.71967,45.19349,45.8976,63.09848,60.24444,59.46261,57.62638,45.21707,31.96584,38.15069,33.34762,35.9569,33.78848,35.73993,36.13553,35.76625,41.90094,44.02173,62.35731,51.20123,57.52591,61.36482,55.76474,41.15325,38.81904,39.51029,48.36343,45.28154,43.48025,46.13936,44.41283,48.41686,49.06579,45.82307,46.06404,47.65137,57.13433,60.59445,61.07901,60.6658,45.13902,49.84933,46.53517,38.70509,39.05797,17.61004,8.23207,9.54787,15.53223,35.24958,31.26596,23.32049,39.21794,31.04373,30.27898,26.08309,23.62804,4.26809,55.10324,62.12433,44.18191,21.93759
"79800005",5.14729,9.22053,6.39145,5.16519,0,9.03602,6.63725,13.25152,16.41714,17.68755,19.51876,20.01945,19.99008,20.82809,21.25145,21.28226,20.1687,21.2424,21.93978,22.40231,22.78205,22.76648,29.16795,24.0164,24.60048,26.51971,28.03,27.2107,29.06139,26.34468,27.43296,54.22458,22.58993,23.82812,24.44222,25.46247,24.05013,25.73309,27.31194,28.40235,27.63989,27.51959,28.69294,29.06075,27.9256,24.95394,26.84247,25.86812,28.67003,26.17088,24.15565,24.13288,25.76864,29.8396,31.52595,33.43212,37.85724,34.63136,37.59351,36.94412,38.15043,38.62351,38.37961,39.24729,39.86508,40.69884,39.5368,31.80697,35.49595,31.67196,34.15208,45.32809,42.07513,44.54582,48.03645,48.80664,66.01826,63.19072,62.35315,60.5766,48.30143,33.88654,38.3712,33.99882,36.59302,35.56419,38.27574,38.15507,36.9843,44.25929,46.66469,64.90369,53.23661,59.36263,62.82858,56.88193,41.75868,40.44676,41.50566,49.27646,46.67663,45.45244,48.42546,46.13412,51.21556,51.16126,48.64772,48.82061,50.27122,59.85385,63.44496,63.32854,62.16335,45.98971,51.31361,49.36778,41.12819,42.46571,19.98663,10.05414,7.36195,18.66074,38.3451,34.39562,26.37381,40.44988,31.1769,29.60033,26.05185,23.25335,7.56761,57.35459,65.06727,45.39338,20.66045
"79800006",8.25196,9.1745,6.24854,4.74707,9.03602,0,4.16052,10.08041,12.55414,14.86776,15.06194,16.36331,17.93926,18.34385,17.34421,17.97333,14.83549,15.2315,17.19409,19.67758,19.49119,17.28155,20.42218,17.43673,18.76069,19.96767,21.28209,20.89566,22.75462,20.44783,21.48175,46.57793,18.30587,19.86704,20.07546,20.84906,19.06382,20.67006,21.77389,23.02557,22.51054,22.72089,23.9054,25.07809,23.50958,21.2075,22.71858,22.40799,25.63605,23.96339,21.06094,21.52959,25.27048,22.06942,23.56694,25.08829,29.46452,27.48776,29.90893,29.45237,30.1762,31.03108,30.73708,31.54386,31.67097,32.74002,31.96897,25.02183,28.78503,26.39184,31.03084,37.44526,34.4934,37.07372,40.53866,41.22702,58.41318,55.55559,54.78502,52.93823,40.51327,27.68947,34.81945,29.78244,32.37145,29.56902,31.19267,31.7879,31.82818,37.39645,39.42096,57.76084,46.79497,53.18732,57.18573,51.77646,37.53981,34.64064,35.15729,44.51857,41.18796,39.12184,41.64993,40.16282,43.76872,44.6409,41.17179,41.42927,43.05127,52.49684,55.92444,56.57649,56.47226,41.34796,45.70243,41.88114,34.18704,34.3179,13.29779,5.27508,10.02213,10.91877,30.55427,26.57051,18.66625,35.24568,27.87005,27.74377,23.13802,21.02984,7.8994,50.6087,57.43516,40.19104,20.17949
"79800007",8.38896,10.94784,7.39106,5.03532,6.63725,4.16052,0,7.68727,10.69407,12.54244,13.63837,14.51663,15.35754,15.96585,15.65932,15.98532,13.96863,14.85181,15.99492,17.44233,17.52767,16.56008,22.75746,17.51531,18.30229,20.0429,21.51802,20.79833,22.66384,20.04659,21.12768,47.60761,16.85383,18.26292,18.70213,19.63075,18.04548,19.72174,21.14234,22.30138,21.62497,21.63628,22.82723,23.55995,22.21174,19.51084,21.24774,20.582,23.64511,21.57292,19.03036,19.27482,22.23596,23.20277,24.89077,26.83977,31.26855,28.06534,30.96425,30.33174,31.51375,32.00245,31.754,32.61775,33.24121,34.06168,32.91892,25.30369,29.02315,25.63532,29.13733,38.69198,35.45791,37.94368,41.43377,42.19431,59.41076,56.57854,55.74909,53.96311,41.67024,27.54756,33.16365,28.43491,31.0457,29.29675,31.72883,31.78335,31.0315,37.77191,40.10076,58.37638,46.87967,53.10035,56.76346,51.02196,36.24302,34.26467,35.15032,43.54551,40.63391,39.1132,41.9671,39.91346,44.62241,44.77742,42.04848,42.23398,43.71572,53.28115,56.84798,56.89571,56.07871,40.29853,45.23713,42.7676,34.61664,35.83605,13.42851,3.52759,5.86588,12.03293,31.71047,27.75888,19.73694,34.49546,26.03644,25.2556,21.05519,18.59528,9.28377,50.91683,58.45609,39.45997,17.04778
"79800008",16.04704,18.53013,15.0306,12.70856,13.25152,10.08041,7.68727,0,3.166,4.88609,6.27971,6.86937,7.86931,8.35219,8.05762,8.30048,7.18959,8.62199,8.70603,9.78347,9.84208,9.71966,20.29111,11.63388,11.64855,13.94673,15.5438,14.43245,16.21383,13.35961,14.4423,42.00847,9.35007,10.65904,11.20588,12.21252,10.82675,12.50492,14.16619,15.20297,14.40692,14.26809,15.4424,15.94479,14.70436,11.86461,13.66794,12.90443,15.95971,13.98611,11.34396,11.6277,15.24544,18.46565,20.36173,22.94759,27.26664,22.25163,25.73385,24.86289,26.70463,26.61504,26.44109,27.36366,28.75907,29.14701,27.47423,19.20378,22.74591,18.43687,21.45018,33.54794,29.96999,32.27165,35.7357,36.58289,53.65897,50.88199,49.98124,48.29146,36.33643,20.87924,25.49025,20.85602,23.46351,22.45813,25.75097,25.16943,23.73295,31.47823,34.1412,52.15932,40.17655,46.19987,49.58211,43.64414,28.6541,27.25728,28.47862,36.07304,33.43077,32.3898,35.55194,32.95877,38.82378,38.14296,36.31621,36.40369,37.68683,47.30364,51.0186,50.36282,48.9203,32.79965,38.07218,37.03784,28.44146,31.19016,8.25469,4.81705,7.28785,9.026,26.60912,22.8583,15.18388,27.19837,18.3512,17.72958,13.37559,11.02129,16.91999,44.4105,52.74223,32.14279,10.26454
"79800009",19.08273,21.35662,17.92774,15.65724,16.41714,12.55414,10.69407,3.166,0,2.6594,3.12491,3.85378,5.81148,5.93668,4.96536,5.42405,4.30991,5.9859,5.55053,7.15232,6.95298,6.70171,18.89161,9.01246,8.66707,11.14835,12.76148,11.51444,13.24123,10.33854,11.40946,39.16429,6.20031,7.56897,8.05691,9.04985,7.67504,9.3487,11.05124,12.05861,11.2473,11.10287,12.27867,12.86599,11.56292,8.82662,10.56016,9.94173,13.10856,11.4678,8.51297,8.99715,13.51225,16.13709,18.07533,20.86935,25.07179,19.43738,23.093,22.14517,24.20823,23.91059,23.76427,24.69966,26.3627,26.58847,24.74325,16.32026,19.77665,15.27527,18.55292,30.87932,27.20788,29.43879,32.88125,33.75151,50.7502,47.99219,47.07358,45.41292,33.59219,17.8099,22.49494,17.75096,20.36124,19.34499,22.85619,22.09898,20.56716,28.46997,31.21588,49.13699,37.06538,43.05596,46.41644,40.48631,25.55713,24.10944,25.38763,32.93071,30.26529,29.28254,32.50522,29.81384,35.93057,35.04622,33.44966,33.50832,34.73279,44.34508,48.09303,47.2756,45.7552,29.66383,34.90754,34.16971,25.47497,28.71113,6.35075,7.49887,10.25503,8.29504,24.00641,20.37609,13.04933,24.03282,15.41584,15.27083,10.58667,8.59959,19.80328,41.33301,49.84488,28.97851,9.02657
"79800010",20.85311,23.41565,19.9087,17.57487,17.68755,14.86776,12.54244,4.88609,2.6594,0,3.46509,2.60455,3.17691,3.47961,3.8603,3.59879,5.38747,7.24574,5.36785,4.90148,5.0968,7.10448,20.83502,10.06171,9.02968,11.80463,13.39269,11.90668,13.44337,10.49965,11.49147,39.40798,5.3475,6.26049,7.0764,8.20232,7.3392,8.86988,10.81329,11.60111,10.65323,10.25762,11.35932,11.39105,10.41018,7.28741,9.23894,8.18503,11.12172,9.1124,6.52385,6.74223,10.86091,17.33381,19.28659,22.25904,26.30355,19.87374,23.78189,22.72108,25.09206,24.4909,24.39058,25.33777,27.35591,27.36762,25.27188,16.6657,19.86737,14.56265,16.62363,31.46676,27.66337,29.74879,33.13008,34.04165,50.82986,48.11843,47.1636,45.56891,34.04152,17.62169,20.73963,16.33212,18.91644,18.95142,23.08922,21.85753,19.61632,28.38055,31.32143,48.93673,36.57693,42.36762,45.44831,39.30759,24.07285,23.46077,25.04053,31.64017,29.3445,28.84248,32.27921,29.1575,36.08572,34.62802,33.67126,33.66917,34.75431,44.32447,48.14096,46.86359,44.81276,28.34184,34.00176,34.38481,25.5174,29.58314,8.31413,9.65719,10.88921,10.73897,24.74369,21.31951,14.51939,23.04569,13.56217,12.87821,8.51914,6.16314,21.79956,40.97129,49.9511,27.92711,6.42087
"79800011",22.01255,24.07307,20.72786,18.51721,19.51876,15.06194,13.63837,6.27971,3.12491,3.46509,0,1.97764,5.43464,4.93552,2.40555,3.52086,2.00038,3.83965,2.42668,5.52426,4.78435,3.75784,17.59849,6.59663,5.7302,8.40956,10.0135,8.61706,10.26458,7.3279,8.37785,36.24804,3.25649,4.80958,5.07833,5.99549,4.55023,6.22568,7.94187,8.93401,8.12727,8.02323,9.2084,10.03378,8.58072,6.16735,7.68256,7.42037,10.71804,9.69409,6.34303,7.18242,12.7367,13.86882,15.82156,18.80452,22.83848,16.5933,20.40857,19.38674,21.6666,21.15745,21.03972,21.98387,23.91126,23.97062,21.96026,13.42078,16.77776,12.15775,16.00625,28.13795,24.38652,26.54563,29.96309,30.85278,47.77248,45.03116,44.09843,42.46266,30.77335,14.72711,19.76172,14.83242,17.4407,16.2314,19.91964,19.01163,17.47421,25.4254,28.23764,46.07368,33.95001,39.93107,43.30981,37.42484,22.63636,20.98458,22.28499,29.91078,27.15786,26.16987,29.42951,26.68894,32.97507,31.93824,30.52001,30.55341,31.72725,41.33057,45.10299,44.17146,42.6453,26.6603,31.79613,31.23782,22.46823,26.16383,5.33195,10.28766,13.34185,8.35601,21.35628,17.87858,11.09521,20.94169,12.83694,13.45247,8.38788,7.18447,22.58099,38.23511,46.8768,25.89508,9.17496
"79800012",22.89879,25.20999,21.77912,19.50041,20.01945,16.36331,14.51663,6.86937,3.85378,2.60455,1.97764,0,3.55896,2.96361,1.26961,1.66845,3.85919,5.59478,2.91723,3.62352,3.13374,4.83304,19.4042,8.05242,6.65146,9.50246,11.05204,9.48198,10.93655,8.01048,8.96692,36.85752,2.74464,3.80899,4.50969,5.61757,4.76552,6.26784,8.22741,8.99676,8.05056,7.68282,8.80515,9.07744,7.92514,4.9973,6.82386,6.08799,9.2735,7.8925,4.71358,5.37365,10.76077,15.26948,17.21193,20.28844,24.19682,17.40535,21.39407,20.29185,22.78908,22.05764,21.97525,22.9242,25.10155,25.00744,22.81782,14.18239,17.30754,11.97807,14.70152,29.02063,25.17992,27.22145,30.58505,31.5051,48.24778,45.54359,44.58375,42.99953,31.54687,15.02602,18.65094,13.99846,16.60274,16.34695,20.55354,19.25552,17.09144,25.78637,28.75052,46.33295,33.98073,39.79837,42.94638,36.87865,21.78928,20.87723,22.43604,29.25702,26.82137,26.24136,29.67576,26.57838,33.52027,32.02674,31.12004,31.10621,32.16942,41.73218,45.55541,44.26331,42.30299,25.97173,31.47734,31.83174,22.94122,27.25995,7.29127,11.35221,13.40599,10.3235,22.37326,19.0658,12.70996,20.53611,11.5621,11.688,6.79438,5.25496,23.65603,38.3682,47.37285,25.44319,7.31985
"79800013",23.53017,26.29617,22.74859,20.3846,19.99008,17.93926,15.35754,7.86931,5.81148,3.17691,5.43464,3.55896,0,1.14715,4.16734,2.88799,7.39595,9.1536,6.21971,2.62682,3.63125,8.21954,22.96315,11.53145,9.86513,12.74756,14.22497,12.54911,13.78248,10.97748,11.80455,39.34581,5.40361,5.42474,6.55314,7.68433,7.59997,8.74364,10.79641,11.25684,10.20825,9.52121,10.44095,9.71601,9.24784,5.89867,7.94188,6.33426,8.72887,6.24262,4.48202,4.16758,7.70569,18.66673,20.5933,23.72235,27.53105,20.26958,24.40145,23.22473,25.92278,24.97142,24.92701,25.87459,28.28876,28.04607,25.67987,17.04226,19.85425,13.73831,14.17484,31.87467,27.95346,29.84217,33.11864,34.07211,50.51889,47.87329,46.87912,45.37005,34.2624,17.33381,18.4512,14.54415,17.03935,18.37768,23.18046,21.40349,18.34165,28.01179,31.15498,48.30025,35.66073,41.18368,43.92558,37.56599,22.07566,22.48579,24.40588,29.80996,27.97047,28.04874,31.70802,28.10149,35.93939,33.80882,33.62278,33.54811,34.45823,43.92073,47.80232,45.98514,43.32215,26.49885,32.60878,34.32285,25.34304,30.34865,10.75333,12.68585,12.83123,13.56431,25.40612,22.2785,16.22989,21.66535,11.27598,9.89978,6.13401,3.27747,24.6412,40.17936,49.675,26.41036,3.76092
"79800014",24.22121,26.87015,23.34804,21.00114,20.82809,18.34385,15.96585,8.35219,5.93668,3.47961,4.93552,2.96361,1.14715,0,3.27701,1.8847,6.8044,8.4763,5.33231,1.59125,2.48448,7.33411,22.2523,10.68258,8.88894,11.76523,13.21283,11.51403,12.69812,9.92712,10.72573,38.20671,4.37711,4.28567,5.42535,6.5493,6.55346,7.63367,9.68547,10.11999,9.06869,8.37438,9.29569,8.63691,8.11055,4.76263,6.80936,5.26395,7.84194,5.63485,3.42896,3.32861,7.83908,17.7371,19.65143,22.80906,26.55773,19.17637,23.32991,22.13997,24.87985,23.88192,23.84423,24.79084,27.25946,26.97843,24.5816,15.9529,18.72506,12.59314,13.33024,30.77201,26.84179,28.71402,31.98318,32.93869,49.37224,46.72771,45.73292,44.22564,33.1418,16.19235,17.55188,13.50178,16.02104,17.23052,22.05579,20.25674,17.22918,26.86541,30.01315,47.15628,34.52762,40.07328,42.85907,36.53604,21.09327,21.35208,23.25978,28.79458,26.87691,26.9078,30.56163,26.97584,34.79748,32.67016,32.48535,32.40753,33.31247,42.77359,46.65546,44.85139,42.25057,25.48399,31.5199,33.18464,24.20234,29.29113,10.25453,13.13635,13.75294,13.24587,24.33914,21.26288,15.40995,20.56815,10.35931,9.40006,5.22415,2.68664,25.24043,39.04039,48.52882,25.33563,4.57295
"79800015",24.04775,26.27282,22.8731,20.61638,21.25145,17.34421,15.65932,8.05762,4.96536,3.8603,2.40555,1.26961,4.16734,3.27701,0,1.43988,3.8232,5.31169,2.06029,3.34072,2.40191,4.06416,19.01091,7.40597,5.7147,8.59589,10.09953,8.46564,9.83168,6.94011,7.85102,35.68724,1.49482,2.60531,3.2411,4.34875,3.61225,5.0409,7.03253,7.755,6.79496,6.41323,7.53698,7.90143,6.67722,3.87878,5.61032,5.06761,8.33917,7.33682,3.94188,4.84745,10.71162,14.50022,16.42597,19.56012,23.36836,16.32126,20.37008,19.23644,21.82681,20.99668,20.92879,21.87798,24.17052,23.99984,21.73901,13.09115,16.13499,10.70982,13.68687,27.94335,24.07446,26.07594,29.42153,30.34944,47.04237,44.34681,43.38127,41.80901,30.42848,13.80645,17.54772,12.79937,15.40789,15.09754,19.40382,18.02085,15.82687,24.56651,27.56053,45.09072,32.71734,38.52883,41.68463,35.63567,20.601,19.60902,21.18652,28.02952,25.55626,24.9824,28.43542,25.30954,32.33529,30.76797,29.95028,29.92438,30.962,40.51365,44.34586,43.00331,41.03972,24.74959,30.2118,30.65995,21.7467,26.27706,7.32078,12.42652,14.67392,10.58016,21.36128,18.14719,12.13335,19.27426,10.52643,11.06829,5.98237,5.01349,24.7424,37.11249,46.17205,24.18671,7.84136
"79800016",24.34536,26.75571,23.29699,20.9957,21.28226,17.97333,15.98532,8.30048,5.42405,3.59879,3.52086,1.66845,2.88799,1.8847,1.43988,0,5.1851,6.74055,3.46633,2.00461,1.5429,5.46182,20.45,8.81861,7.00752,9.88619,11.34618,9.6624,10.90642,8.0896,8.92577,36.58123,2.51618,2.78902,3.80121,4.95546,4.71219,5.91133,7.9593,8.51076,7.48754,6.91877,7.94642,7.79327,6.8969,3.69375,5.67844,4.6134,7.6921,6.22707,3.08894,3.70736,9.31493,15.85245,17.76695,20.92509,24.67791,17.39848,21.51645,20.34631,23.03549,22.09615,22.04714,22.99519,25.4046,25.15977,22.81261,14.16877,17.05307,11.21713,13.16129,29.01146,25.10414,27.03163,30.336,31.27985,47.83793,45.16871,44.18727,42.64926,31.42961,14.60294,17.19674,12.73407,15.31767,15.75852,20.36213,18.74444,16.11416,25.33338,28.41345,45.74823,33.23869,38.92334,41.90427,35.72278,20.47648,20.0784,21.82917,28.04511,25.82878,25.55399,29.11454,25.75084,33.19634,31.33397,30.85022,30.7956,31.76174,41.27011,45.12988,43.55002,41.27609,24.74531,30.48479,31.55451,22.59614,27.46078,8.68351,12.90563,14.45691,11.85651,22.51977,19.39911,13.55328,19.52024,10.05115,10.02003,5.16473,3.67308,25.18027,37.69616,46.98163,24.37468,6.45578
"79800017",22.23261,23.97786,20.76342,18.65575,20.1687,14.83549,13.96863,7.18959,4.30991,5.38747,2.00038,3.85919,7.39595,6.8044,3.8232,5.1851,0,1.85863,2.55205,7.15573,6.17005,2.60063,15.60068,4.76708,4.4681,6.83901,8.4518,7.24858,9.02479,6.19719,7.28518,34.87392,3.96041,5.61314,5.44855,6.06453,4.22922,5.84539,7.17587,8.33865,7.71656,7.8857,9.07001,10.43139,8.73046,6.98896,8.0896,8.32576,11.63393,11.0886,7.61577,8.63869,14.49947,12.00372,13.95514,16.88283,20.97406,15.13444,18.79229,17.83566,19.94924,19.60155,19.45774,20.39447,22.14389,22.30528,20.43335,12.03844,15.55641,11.68838,16.66628,26.57215,22.89941,25.14337,28.5934,29.45648,46.48906,43.72102,42.81155,41.13633,29.283,13.74087,20.15472,14.97979,17.55402,15.39562,18.58315,18.0249,17.11053,24.29139,26.96259,44.97399,33.08032,39.19882,42.79484,37.10948,22.7095,20.31114,21.35745,29.73415,26.66837,25.29288,28.37978,25.98087,31.65971,31.02183,29.16646,29.23817,30.50057,40.11707,43.84166,43.22274,42.11069,26.53647,31.26851,29.88728,21.25254,24.45277,3.50069,10.4818,14.45919,6.8033,19.71339,16.1311,9.13208,20.56404,13.51049,14.74422,9.54176,8.83141,22.57298,37.26095,45.5776,25.52895,11.15003
"79800018",22.94596,24.40542,21.32842,19.32702,21.2424,15.2315,14.85181,8.62199,5.9859,7.24574,3.83965,5.59478,9.1536,8.4763,5.31169,6.74055,1.85863,0,3.53477,8.62879,7.49086,2.3106,13.80974,3.03615,3.53126,5.34772,6.93015,5.9683,7.82275,5.24341,6.30643,33.39423,5.00054,6.53935,6.04755,6.34303,4.39251,5.72361,6.5515,7.82327,7.41776,7.83968,8.96378,10.76711,8.90678,7.83556,8.52725,9.17828,12.39994,12.28627,8.79366,9.93577,16.00919,10.18813,12.13605,15.03399,19.15102,13.63758,17.14695,16.24655,18.22373,18.00286,17.83824,18.76664,20.38032,20.61483,18.85608,10.63887,14.27163,11.17913,17.12018,24.95155,21.34843,23.65699,27.12678,27.96654,45.07123,42.28389,41.394,39.68847,27.71774,12.69639,20.3254,14.98364,17.49108,14.47198,17.17514,16.93545,16.60861,23.03658,25.57845,43.70859,32.03103,38.25745,42.03958,36.54544,22.56275,19.49202,20.29976,29.31965,25.98078,24.26153,27.18543,25.09825,30.2325,29.93673,27.71207,27.81537,29.14945,38.76236,42.44393,42.08718,41.33911,26.18474,30.52884,28.43408,19.9382,22.72614,2.43042,11.32498,15.90487,5.95472,18.04482,14.39025,7.27364,20.01581,14.02252,15.802,10.56371,10.28442,23.08698,36.11244,44.14776,24.95955,12.91452
"79800019",24.34771,26.28469,22.99435,20.82086,21.93978,17.19409,15.99492,8.70603,5.55053,5.36785,2.42668,2.91723,6.21971,5.33231,2.06029,3.46633,2.55205,3.53477,0,5.19267,3.97794,2.00388,17.0215,5.35267,3.73524,6.59649,8.1365,6.57067,8.07557,5.13224,6.12872,34.04898,1.47709,3.09108,2.92009,3.66819,2.12569,3.79902,5.55813,6.51252,5.70177,5.6415,6.83305,7.9308,6.31754,4.45245,5.57512,5.79589,9.09325,8.75578,5.26154,6.40554,12.54881,12.44851,14.37879,17.50302,21.3364,14.51599,18.47949,17.38624,19.87426,19.15369,19.06602,20.01469,22.19382,22.09064,19.92225,11.30167,14.52167,9.73321,14.12308,26.12245,22.30108,24.38193,27.76873,28.67677,45.5071,42.78302,41.83697,40.2262,28.67645,12.37051,17.67521,12.59227,15.18856,13.8297,17.7253,16.64419,15.06641,23.10311,25.98378,43.72342,31.54249,37.50676,40.88989,35.03578,20.37171,18.55942,19.89617,27.55569,24.73812,23.76686,27.07019,24.26458,30.73989,29.54049,28.31339,28.32113,29.442,39.03124,42.82655,41.7771,40.22358,24.32037,29.37385,29.02811,20.19111,24.34315,5.80347,12.59162,15.73665,9.25442,19.45695,16.16079,10.08714,18.53416,10.96339,12.3159,7.08335,6.81383,24.83098,35.84858,44.62107,23.49207,9.90073
"79800020",25.73443,28.31314,24.81004,22.47568,22.40231,19.67758,17.44233,9.78347,7.15232,4.90148,5.52426,3.62352,2.62682,1.59125,3.34072,2.00461,7.15573,8.62879,5.19267,0,1.40116,7.10546,22.2019,10.45639,8.39194,11.20692,12.55778,10.80715,11.81267,9.19071,9.87884,37.00506,3.9192,3.25515,4.44195,5.47831,5.90543,6.69719,8.71379,8.98789,7.92185,7.12423,7.95412,7.08951,6.70577,3.37793,5.38585,3.70749,6.27348,4.32251,1.8559,1.85295,7.38041,17.26358,19.13975,22.35188,25.94819,18.22678,22.44785,21.21438,24.08508,22.9353,22.92214,23.86354,26.49979,26.10246,23.60019,15.02977,17.60966,11.23963,11.77186,29.76489,25.80124,27.59,30.81157,31.7799,48.07731,45.4554,44.44925,42.97056,32.05356,14.99274,15.97101,11.92638,14.43633,15.92306,20.9594,18.97248,15.73018,25.58531,28.79209,45.77051,33.08212,38.56785,41.30033,34.95636,19.50253,19.91215,21.9077,27.20979,25.34577,25.5027,29.21154,25.5067,33.573,31.25009,31.2994,31.19646,32.0414,41.45657,45.35437,43.40726,40.69598,23.89893,29.98281,31.9924,22.99673,28.44403,10.6562,14.51986,15.34348,13.85924,23.47014,20.55616,15.19037,19.04234,8.77686,8.12979,3.65467,1.67616,26.70074,37.62087,47.24528,23.78371,5.26565
"79800021",25.88536,28.29535,24.83933,22.5386,22.78205,19.49119,17.52767,9.84208,6.95298,5.0968,4.78435,3.13374,3.63125,2.48448,2.40191,1.5429,6.17005,7.49086,3.97794,1.40116,0,5.8101,20.9126,9.13599,7.0114,9.81265,11.15689,9.40607,10.42922,7.78989,8.48732,35.75258,2.60386,1.87948,3.06261,4.13522,4.5111,5.31603,7.34609,7.68422,6.62418,5.89544,6.81272,6.34567,5.64734,2.31777,4.364,3.08846,6.15593,4.93708,1.58314,2.46943,8.58934,15.87473,17.74576,20.96297,24.54735,16.86191,21.06891,19.8446,22.69274,21.57136,21.55204,22.49495,25.10408,24.72316,22.24629,13.65661,16.30546,10.11008,11.61883,28.42059,24.46793,26.29312,29.54048,30.50179,46.89262,44.25251,43.25525,41.7546,30.74085,13.7342,15.66143,11.2754,13.84367,14.74734,19.6477,17.77706,14.81674,24.38733,27.55119,44.67438,32.06512,37.65635,40.53518,34.29545,18.98495,18.89,20.77553,26.59392,24.50054,24.4311,28.0772,24.52942,32.33494,30.19726,30.03673,29.94933,30.83683,40.29078,44.17477,42.38709,39.91589,23.28927,29.15154,30.7336,21.74475,27.05991,9.64086,14.44274,15.88786,12.96044,22.08895,19.15621,13.85749,18.18822,8.50913,8.67007,3.66228,2.86798,26.72225,36.56671,46.05128,23.00295,6.64335
"79800022",24.79829,26.44816,23.28474,21.20827,22.76648,17.28155,16.56008,9.71966,6.70171,7.10448,3.75784,4.83304,8.21954,7.33411,4.06416,5.46182,2.60063,2.3106,2.00388,7.10546,5.8101,0,15.10404,3.36342,1.97708,4.70351,6.2883,4.85995,6.54187,3.64288,4.72294,32.50329,3.20623,4.51697,3.84209,4.03871,2.0918,3.45197,4.58291,5.77438,5.23383,5.56325,6.71039,8.45772,6.59855,5.71282,6.23462,7.03252,10.1812,10.34631,6.90347,8.13917,14.39467,10.45651,12.39219,15.50323,19.36629,12.83548,16.68043,15.63846,17.99915,17.40924,17.29852,18.24432,20.28801,20.26318,18.2064,9.66676,13.07539,9.13816,14.81457,24.38927,20.62889,22.79382,26.21822,27.10275,44.05673,41.30557,40.3809,38.73153,27.01559,11.16516,18.02809,12.71446,15.24417,12.79806,16.17925,15.45386,14.57266,21.77457,24.52086,42.44923,30.49221,36.5989,40.20557,34.56275,20.3498,17.71195,18.77557,27.23927,24.08759,22.70401,25.83292,23.38025,29.24567,28.44124,26.77911,26.82342,28.03171,37.64346,41.39551,40.65129,39.5191,24.06778,28.67995,27.49785,18.77344,22.4847,4.73649,13.06326,16.94564,8.25684,17.63952,14.24971,8.10341,18.01475,11.7271,13.72031,8.50508,8.67736,25.07727,34.69463,43.15519,22.97652,11.90407
"79800023",28.42229,27.81456,26.12302,25.13248,29.16795,20.42218,22.75746,20.29111,18.89161,20.83502,17.59849,19.4042,22.96315,22.2523,19.01091,20.45,15.60068,13.80974,17.0215,22.2019,20.9126,15.10404,0,11.79628,14.1695,11.94411,11.44637,12.94703,13.50453,14.25143,14.32635,27.80213,18.30933,19.47118,18.52281,18.10442,16.65997,16.81546,15.73084,16.66501,17.21359,18.24522,18.76976,21.5281,19.6297,20.43296,20.07041,21.60002,24.20556,25.21173,21.90508,23.18652,29.48617,7.11758,6.74146,5.81332,9.57177,12.70032,12.39397,12.75595,11.56763,13.65077,13.22783,13.69238,12.20976,13.90635,14.52221,12.67967,15.17983,18.52996,27.314,18.49373,16.66723,19.31718,22.43398,22.86083,39.42397,36.56161,35.9464,33.99556,21.64646,16.29172,28.90829,23.62243,25.3537,18.15922,15.59239,18.4881,22.31196,21.44436,22.1143,39.76449,31.07162,37.70361,42.78263,39.11884,29.224,22.42918,21.16184,33.56184,28.71029,24.52637,25.46759,26.46477,25.6046,28.88708,23.08451,23.55287,25.5256,34.18316,37.15925,39.51629,41.99324,31.17538,32.31259,23.72108,18.47615,14.83159,12.5671,19.96406,26.57512,11.38338,12.54291,9.26165,7.20716,24.6877,24.81966,28.17068,23.21433,23.7805,27.26627,33.84431,38.41029,28.67044,26.72405
"79800024",25.40058,26.55022,23.64415,21.76481,24.0164,17.43673,17.51531,11.63388,9.01246,10.06171,6.59663,8.05242,11.53145,10.68258,7.40597,8.81861,4.76708,3.03615,5.35267,10.45639,9.13599,3.36342,11.79628,0,2.55635,2.5451,4.01419,3.48586,5.32409,3.53373,4.34294,30.42107,6.54084,7.6819,6.78321,6.5394,4.90006,5.40614,5.1974,6.48358,6.4981,7.28727,8.19063,10.57641,8.60225,8.70791,8.68257,9.94223,12.83172,13.46601,10.11366,11.39062,17.6928,7.27251,9.2251,12.24341,16.24195,10.68048,14.11324,13.22989,15.1972,14.98117,14.81003,15.73599,17.3774,17.57979,15.84219,7.79255,11.50964,9.59255,16.86716,21.92114,18.34456,20.68691,24.16581,24.99059,42.13169,39.33286,38.45618,36.7317,24.70425,10.25457,19.54064,14.05851,16.3919,12.15883,14.27581,14.37342,14.85662,20.25748,22.6786,40.88729,29.43933,35.77187,39.76653,34.53294,21.24646,17.24764,17.74774,27.5472,23.85577,21.7173,24.45403,22.72803,27.29514,27.31169,24.75853,24.88346,26.27089,35.8715,39.51923,39.38815,39.04759,24.5253,28.31127,25.48069,17.11275,19.70063,4.15592,13.99927,18.90423,7.03222,15.00874,11.37039,4.74008,18.13952,13.96194,16.62387,11.51735,12.00209,25.33612,33.40865,41.20069,23.00217,15.24479
"79800025",26.45564,27.93377,24.85752,22.84278,24.60048,18.76069,18.30229,11.64855,8.66707,9.02968,5.7302,6.65146,9.86513,8.88894,5.7147,7.00752,4.4681,3.53126,3.73524,8.39194,7.0114,1.97708,14.1695,2.55635,0,2.88259,4.40134,2.8887,4.57533,1.74622,2.83299,30.52622,4.53159,5.37123,4.35947,3.99896,2.53561,2.85349,3.05914,4.35847,4.13043,4.80395,5.7921,8.04972,6.08071,6.26355,6.12659,7.4492,10.27904,11.04279,7.79389,9.10064,15.42841,8.87883,10.77423,13.96548,17.67071,10.86767,14.75955,13.69199,16.13919,15.46214,15.36119,16.30864,18.46439,18.36172,16.24972,7.69097,11.11231,7.68154,14.37503,22.43975,18.66198,20.81738,24.24115,25.12596,42.08482,39.33125,38.40861,36.75608,25.04756,9.28714,17.2151,11.77229,14.19941,10.9947,14.2027,13.56452,13.09666,19.83013,22.54959,40.51078,28.63623,34.80171,38.52241,33.01577,19.18791,15.9828,16.90658,25.81662,22.45175,20.85221,23.91171,21.6129,27.27077,26.56717,24.80231,24.84848,26.0672,35.68099,39.42608,38.75976,37.82522,22.70373,27.007,25.52114,16.81108,20.60854,5.67069,14.78354,18.89756,9.01935,15.73055,12.43562,6.98471,16.49162,11.4297,14.10145,9.05054,9.83049,26.61819,32.79576,41.18179,21.43105,13.44516
"79800026",27.94556,29.06486,26.18232,24.30972,26.51971,19.96767,20.0429,13.94673,11.14835,11.80463,8.40956,9.50246,12.74756,11.76523,8.59589,9.88619,6.83901,5.34772,6.59649,11.20692,9.81265,4.70351,11.94411,2.5451,2.88259,0,1.61394,1.19721,2.84692,2.31941,2.49973,28.0623,7.39653,8.07944,6.97146,6.32134,5.30176,4.97624,3.81782,4.89636,5.29762,6.30632,6.91802,9.61252,7.69149,8.77683,8.15379,9.81844,12.2666,13.50967,10.44679,11.76564,18.07042,6.07546,7.93311,11.15894,14.79253,8.30739,11.99977,11.00374,13.29675,12.77215,12.64059,13.5822,15.59915,15.56569,13.59649,5.29845,8.98179,7.57211,15.6253,19.7492,16.06068,18.32611,21.78906,22.63823,39.72481,36.94021,36.04742,34.34694,22.444,7.74104,17.86261,12.37846,14.54258,9.67711,11.82772,11.83053,12.61876,17.74054,20.23178,38.3915,26.89434,33.23057,37.25913,32.10687,19.20439,14.77013,15.20439,25.23183,21.4041,19.17362,21.92446,20.20817,24.8864,24.76778,22.37086,22.46859,23.80738,33.41808,37.09624,36.85402,36.53627,22.2742,25.82461,23.09267,14.61426,17.7812,6.70011,16.52213,21.23452,9.41876,12.94749,9.5645,4.80314,15.81063,12.95031,16.2601,11.45527,12.58022,27.86662,30.87479,38.80289,20.61711,16.31291
"79800027",29.33133,30.32553,27.51743,25.69546,28.03,21.28209,21.51802,15.5438,12.76148,13.39269,10.0135,11.05204,14.22497,13.21283,10.09953,11.34618,8.4518,6.93015,8.1365,12.55778,11.15689,6.2883,11.44637,4.01419,4.40134,1.61394,0,1.78102,2.17417,3.39247,3.02978,26.46554,8.83593,9.36067,8.20843,7.41897,6.67801,6.06149,4.47349,5.24676,5.91411,6.9955,7.36944,10.17007,8.35276,9.91163,9.02003,10.84118,13.00816,14.54932,11.65572,12.9717,19.2207,4.97072,6.69482,9.96502,13.39048,6.70829,10.39593,9.39004,11.73787,11.15874,11.02969,11.9723,14.07104,13.97552,11.98267,3.78657,7.53035,7.29729,15.87356,18.1365,14.44923,16.72838,20.19666,21.03916,38.14512,35.35478,34.46833,32.75854,20.83148,6.62035,17.73545,12.31821,14.29114,8.62376,10.26655,10.5273,11.95232,16.25561,18.67138,36.87386,25.5183,31.91184,36.06328,31.0809,18.71382,13.68661,13.88615,24.38665,20.35086,17.84468,20.46618,18.99458,23.30635,23.37363,20.7822,20.89096,22.25912,31.863,35.52375,35.40586,35.33039,21.52393,24.68975,21.50425,13.10132,16.20948,8.10964,18.00674,22.83058,10.55599,11.35128,8.05354,4.67362,14.98604,13.40053,17.06173,12.47479,13.85533,29.1718,29.42675,37.2195,19.68263,17.7301
"79800028",28.79919,30.02438,27.08542,25.16698,27.2107,20.89566,20.79833,14.43245,11.51444,11.90668,8.61706,9.48198,12.54911,11.51403,8.46564,9.6624,7.24858,5.9683,6.57067,10.80715,9.40607,4.85995,12.94703,3.48586,2.8887,1.19721,1.78102,0,1.87111,1.61979,1.38123,27.65435,7.14626,7.59416,6.43516,5.63872,4.96137,4.28076,2.7945,3.76303,4.27207,5.32577,5.83346,8.58174,6.70323,8.13092,7.28873,9.07329,11.33344,12.78131,9.87617,11.1916,17.44076,6.72143,8.47364,11.74159,15.14961,7.97903,11.91362,10.81767,13.37402,12.58638,12.4954,13.44403,15.74543,15.53595,13.36586,4.81038,8.32488,6.37676,14.49772,19.56027,15.77336,17.93767,21.37001,22.24821,39.2428,36.47939,35.56551,33.89868,22.15886,6.80196,16.67207,11.19132,13.3455,8.67911,11.342,10.98953,11.46548,17.08252,19.71418,37.76302,26.08398,32.36024,36.29364,31.05126,18.01683,13.76457,14.36128,24.11182,20.37003,18.32932,21.2186,19.27001,24.41758,23.97922,21.93598,21.9955,23.25439,32.87122,36.59334,36.11941,35.57773,21.12968,24.82931,22.65579,14.01302,17.81268,7.59794,17.271,21.70769,10.48679,12.89851,9.75957,5.89294,14.69383,11.88335,15.36645,10.70907,12.08276,28.79334,30.14427,38.33382,19.532,16.00462
"79800029",30.66986,31.87422,28.95049,27.03738,29.06139,22.75462,22.66384,16.21383,13.24123,13.44337,10.26458,10.93655,13.78248,12.69812,9.83168,10.90642,9.02479,7.82275,8.07557,11.81267,10.42922,6.54187,13.50453,5.32409,4.57533,2.84692,2.17417,1.87111,0,2.94754,1.98328,25.98992,8.41825,8.55757,7.37075,6.38559,6.22551,5.11549,3.14224,3.47077,4.35413,5.44162,5.56121,8.3784,6.70747,8.82566,7.58338,9.55773,11.34442,13.22213,10.64785,11.93145,18.01227,6.72499,8.20948,11.45852,14.44542,6.49517,10.64189,9.44262,12.29145,11.1898,11.14619,12.09309,14.7302,14.2953,11.91271,3.26375,6.53711,5.12661,13.823,18.11585,14.24581,16.30779,19.70618,20.60638,37.51579,34.76838,33.84035,32.19824,20.61036,4.93591,15.56858,10.16928,12.11708,6.83928,9.66028,9.12074,9.86344,15.26822,17.97972,35.9516,24.21643,30.48935,34.44244,29.25995,16.57012,11.93145,12.49142,22.4121,18.55876,16.45893,19.37998,17.40828,22.71084,22.11557,20.25857,20.28902,21.49199,31.10567,34.85364,34.26722,33.72384,19.48786,22.99162,20.9756,12.23585,16.63144,9.45904,19.13629,23.47149,12.26547,11.65995,8.90774,6.84752,12.99219,11.48341,15.41938,11.1516,12.92794,30.65338,28.29424,36.61608,17.77597,17.07248
"79800030",28.18612,29.61606,26.56813,24.56942,26.34468,20.44783,20.04659,13.35961,10.33854,10.49965,7.3279,8.01048,10.97748,9.92712,6.94011,8.0896,6.19719,5.24341,5.13224,9.19071,7.78989,3.64288,14.25143,3.53373,1.74622,2.31941,3.39247,1.61979,2.94754,0,1.08878,28.93621,5.57614,5.97438,4.81669,4.05306,3.37758,2.69492,1.68309,2.95106,3.09002,4.03459,4.76939,7.36326,5.41531,6.53725,5.83443,7.52626,9.95427,11.22821,8.26534,9.58237,15.84881,8.28315,10.07031,13.33143,16.76936,9.39501,13.43658,12.29666,14.95279,14.05814,13.98874,14.93793,17.33941,17.07433,14.80909,6.17293,9.45104,6.11856,13.50537,21.01289,17.17229,19.25484,22.65292,23.55391,40.44472,37.70396,36.77055,35.13737,23.54507,7.54583,16.02287,10.5347,12.85851,9.25019,12.60701,11.82781,11.47858,18.13274,20.90973,38.80636,26.8927,33.05603,36.79627,31.33796,17.7392,14.25025,15.16466,24.2013,20.74453,19.10776,22.19244,19.87103,25.64952,24.82713,23.20381,23.2283,24.40455,34.01255,37.77663,37.02555,36.09639,21.12375,25.28582,23.92036,15.14499,19.37119,7.25155,16.52654,20.58744,10.45927,14.43444,11.36877,7.07743,14.83909,10.7304,13.94092,9.16433,10.46418,28.31885,31.06434,39.549,19.76109,14.39856
"79800031",29.25238,30.64436,27.61815,25.63262,27.43296,21.48175,21.12768,14.4423,11.40946,11.49147,8.37785,8.96692,11.80455,10.72573,7.85102,8.92577,7.28518,6.30643,6.12872,9.87884,8.48732,4.72294,14.32635,4.34294,2.83299,2.49973,3.02978,1.38123,1.98328,1.08878,0,27.92027,6.43505,6.6268,5.44261,4.52118,4.24276,3.19978,1.44428,2.39762,2.90403,3.97329,4.45252,7.20469,5.34196,7.00355,5.99434,7.85461,9.9876,11.55771,8.79764,10.09971,16.27862,7.99903,9.68346,12.95802,16.20225,8.47841,12.60501,11.42073,14.20624,13.17085,13.12247,14.07015,16.62507,16.25545,13.89599,5.24693,8.40447,5.25583,13.1315,20.09905,16.22377,18.25926,21.64014,22.55019,39.39957,36.6659,35.72683,34.10427,22.58275,6.45707,15.40203,9.91066,12.13776,8.17113,11.59778,10.73973,10.53072,17.06077,19.86802,37.72959,25.80415,31.97322,35.73774,30.32375,16.91861,13.18736,14.07588,23.2413,19.70627,18.01951,21.10998,18.79535,24.61682,23.7384,22.18486,22.19693,23.34948,32.95328,36.72681,35.93778,35.03516,20.19452,24.23316,22.89981,14.09076,18.57949,8.24056,17.60605,21.66194,11.3573,13.61724,10.72192,7.26689,13.85444,10.50213,14.03495,9.48043,11.05269,29.361,29.97735,38.50781,18.7572,15.12823
"79800032",54.82924,54.98374,52.74338,51.26391,54.22458,46.57793,47.60761,42.00847,39.16429,39.40798,36.24804,36.85752,39.34581,38.20671,35.68724,36.58123,34.87392,33.39423,34.04898,37.00506,35.75258,32.50329,27.80213,30.42107,30.52622,28.0623,26.46554,27.65435,25.98992,28.93621,27.92027,0,34.21355,33.92147,32.80265,31.66292,32.09305,30.68471,28.65889,28.08981,29.13804,29.88093,29.11142,30.84682,30.44144,33.64854,31.74888,33.75743,33.56913,36.63757,35.40912,36.46323,41.27826,24.5176,23.03879,22.11954,18.34657,19.75726,16.68154,17.28201,16.53385,15.60736,15.86964,15.0382,15.60054,14.01291,14.6887,22.84498,19.55242,25.92073,31.59309,9.3215,12.1498,9.73725,6.28511,5.43102,11.8353,8.98162,8.22256,6.36332,6.16707,22.01852,29.03797,27.79561,26.76864,21.20627,16.32975,18.13575,23.05339,11.64814,8.22806,12.20042,10.76818,14.81002,20.64869,21.54569,25.45842,18.61613,15.725,22.13324,17.84396,13.42608,9.34277,15.1555,3.51215,10.23166,5.73748,5.81303,5.49649,6.5381,9.39841,13.15915,19.91081,22.79201,16.74589,5.02775,14.00895,13.03268,34.28273,44.17762,49.29584,35.75484,16.02786,20.00958,27.95564,21.22863,31.84957,36.77308,34.93442,37.64275,54.16318,9.34406,10.86154,19.73021,42.12693
